0.000      135.16
1.000      135.16
2.000      135.16
3.000      135.16
4.000      135.16
5.000      135.16
6.000      135.16
7.000      135.16
8.000      135.16
9.000      135.16
10.000     135.16
11.000     135.16
12.000     135.16
13.000     135.16
14.000     135.16
15.000     135.16
16.000     135.16
17.000     135.16
18.000     135.16
19.000     135.16
20.000     135.16
21.000     135.16
22.000     135.16
23.000     135.16
24.000     135.16
25.000     135.16
26.000     135.16
27.000     135.16
28.000     135.16
29.000     135.16
30.000     135.16
31.000     135.16
32.000     135.16
33.000     135.16
34.000     135.16
35.000     135.16
36.000     135.16
37.000     135.16
38.000     135.16
39.000     135.16
40.000     135.16
41.000     135.16
42.000     135.16
43.000     135.16
44.000     135.16
45.000     135.16
46.000     135.16
47.000     135.16
48.000     135.16
49.000     135.16
50.000     135.16
51.000     135.16
52.000     135.161
53.000     135.161
54.000     135.161
55.000     135.161
56.000     135.161
57.000     135.161
58.000     135.16
59.000     135.161
60.000     135.161
61.000     135.161
62.000     135.16
63.000     135.16
64.000     135.16
65.000     135.16
66.000     135.161
67.000     135.16
68.000     135.16
69.000     135.16
70.000     135.159
71.000     135.158
72.000     135.155
73.000     135.151
74.000     135.145
75.000     135.135
76.000     135.122
77.000     135.103
78.000     135.079
79.000     135.047
80.000     135.006
81.000     134.956
82.000     134.896
83.000     134.825
84.000     134.743
85.000     134.647
86.000     134.541
87.000     134.421
88.000     134.291
89.000     134.149
90.000     133.997
91.000     133.836
92.000     133.666
93.000     133.488
94.000     133.303
95.000     133.113
96.000     132.918
97.000     132.717
98.000     132.513
99.000     132.306
100.000    132.096
101.000    131.884
102.000    131.669
103.000    131.453
104.000    131.235
105.000    131.015
106.000    130.794
107.000    130.572
108.000    130.348
109.000    130.123
110.000    129.898
111.000    129.671
112.000    129.444
113.000    129.216
114.000    128.989
115.000    128.761
116.000    128.534
117.000    128.307
118.000    128.081
119.000    127.855
120.000    127.631
121.000    127.408
122.000    127.186
123.000    126.965
124.000    126.746
125.000    126.528
126.000    126.312
127.000    126.097
128.000    125.883
129.000    125.671
130.000    125.459
131.000    125.249
132.000    125.039
133.000    124.83
134.000    124.622
135.000    124.414
136.000    124.207
137.000    124
138.000    123.792
139.000    123.586
140.000    123.379
141.000    123.172
142.000    122.966
143.000    122.76
144.000    122.555
145.000    122.35
146.000    122.146
147.000    121.943
148.000    121.742
149.000    121.543
150.000    121.345
151.000    121.15
152.000    120.957
153.000    120.766
154.000    120.578
155.000    120.393
156.000    120.21
157.000    120.031
158.000    119.854
159.000    119.681
160.000    119.511
161.000    119.343
162.000    119.179
163.000    119.018
164.000    118.861
165.000    118.706
166.000    118.557
167.000    118.41
168.000    118.268
169.000    118.129
170.000    117.995
171.000    117.866
172.000    117.741
173.000    117.621
174.000    117.505
175.000    117.395
176.000    117.289
177.000    117.187
178.000    117.091
179.000    116.999
180.000    116.911
181.000    116.827
182.000    116.748
183.000    116.674
184.000    116.604
185.000    116.538
186.000    116.476
187.000    116.419
188.000    116.365
189.000    116.315
190.000    116.269
191.000    116.227
192.000    116.189
193.000    116.155
194.000    116.124
195.000    116.096
196.000    116.073
197.000    116.052
198.000    116.036
199.000    116.023
200.000    116.013
201.000    116.007
202.000    116.004
203.000    116.006
204.000    116.01
205.000    116.017
206.000    116.028
207.000    116.043
208.000    116.061
209.000    116.082
210.000    116.107
211.000    116.135
212.000    116.166
213.000    116.202
214.000    116.241
215.000    116.284
216.000    116.33
217.000    116.38
218.000    116.434
219.000    116.493
220.000    116.555
221.000    116.622
222.000    116.692
223.000    116.767
224.000    116.847
225.000    116.931
226.000    117.02
227.000    117.114
228.000    117.213
229.000    117.317
230.000    117.426
231.000    117.54
232.000    117.66
233.000    117.785
234.000    117.916
235.000    118.053
236.000    118.196
237.000    118.345
238.000    118.5
239.000    118.662
240.000    118.83
241.000    119.005
242.000    119.186
243.000    119.375
244.000    119.57
245.000    119.771
246.000    119.98
247.000    120.195
248.000    120.416
249.000    120.643
250.000    120.877
251.000    121.116
252.000    121.36
253.000    121.609
254.000    121.862
255.000    122.118
256.000    122.377
257.000    122.638
258.000    122.9
259.000    123.163
260.000    123.424
261.000    123.683
262.000    123.938
263.000    124.19
264.000    124.437
265.000    124.677
266.000    124.91
267.000    125.136
268.000    125.353
269.000    125.562
270.000    125.763
271.000    125.954
272.000    126.14
273.000    126.317
274.000    126.488
275.000    126.653
276.000    126.813
277.000    126.97
278.000    127.123
279.000    127.273
280.000    127.42
281.000    127.565
282.000    127.709
283.000    127.851
284.000    127.991
285.000    128.129
286.000    128.265
287.000    128.398
288.000    128.53
289.000    128.657
290.000    128.784
291.000    128.907
292.000    129.028
293.000    129.146
294.000    129.262
295.000    129.376
296.000    129.488
297.000    129.599
298.000    129.707
299.000    129.814
300.000    129.919
301.000    130.023
302.000    130.125
303.000    130.225
304.000    130.325
305.000    130.422
306.000    130.518
307.000    130.612
308.000    130.705
309.000    130.796
310.000    130.885
311.000    130.972
312.000    131.057
313.000    131.141
314.000    131.222
315.000    131.3
316.000    131.376
317.000    131.449
318.000    131.52
319.000    131.587
320.000    131.651
321.000    131.712
322.000    131.769
323.000    131.823
324.000    131.873
325.000    131.919
326.000    131.962
327.000    132
328.000    132.035
329.000    132.066
330.000    132.093
331.000    132.116
332.000    132.135
333.000    132.151
334.000    132.163
335.000    132.171
336.000    132.177
337.000    132.179
338.000    132.178
339.000    132.174
340.000    132.167
341.000    132.158
342.000    132.146
343.000    132.132
344.000    132.116
345.000    132.097
346.000    132.077
347.000    132.054
348.000    132.029
349.000    132.003
350.000    131.976
351.000    131.947
352.000    131.917
353.000    131.886
354.000    131.854
355.000    131.822
356.000    131.789
357.000    131.756
358.000    131.724
359.000    131.692
360.000    131.659
361.000    131.628
362.000    131.597
363.000    131.567
364.000    131.538
365.000    131.509
366.000    131.482
367.000    131.454
368.000    131.427
369.000    131.401
370.000    131.375
371.000    131.349
372.000    131.324
373.000    131.3
374.000    131.276
375.000    131.252
376.000    131.229
377.000    131.206
378.000    131.184
379.000    131.162
380.000    131.141
381.000    131.12
382.000    131.1
383.000    131.08
384.000    131.061
385.000    131.042
386.000    131.024
387.000    131.005
388.000    130.988
389.000    130.97
390.000    130.954
391.000    130.937
392.000    130.92
393.000    130.904
394.000    130.888
395.000    130.873
396.000    130.857
397.000    130.843
398.000    130.827
399.000    130.813
400.000    130.798
401.000    130.785
402.000    130.77
403.000    130.757
404.000    130.743
405.000    130.731
406.000    130.717
407.000    130.705
408.000    130.693
409.000    130.68
410.000    130.669
411.000    130.657
412.000    130.646
413.000    130.634
414.000    130.624
415.000    130.613
416.000    130.603
417.000    130.592
418.000    130.582
419.000    130.573
420.000    130.563
421.000    130.554
422.000    130.545
423.000    130.535
424.000    130.527
425.000    130.518
426.000    130.509
427.000    130.502
428.000    130.493
429.000    130.485
430.000    130.477
431.000    130.47
432.000    130.462
433.000    130.455
434.000    130.447
435.000    130.44
436.000    130.433
437.000    130.426
438.000    130.419
439.000    130.413
440.000    130.406
441.000    130.399
442.000    130.393
443.000    130.387
444.000    130.381
445.000    130.375
446.000    130.37
447.000    130.364
448.000    130.358
449.000    130.353
450.000    130.348
451.000    130.342
452.000    130.337
453.000    130.332
454.000    130.327
455.000    130.322
456.000    130.318
457.000    130.314
458.000    130.309
459.000    130.304
460.000    130.3
461.000    130.296
462.000    130.291
463.000    130.287
464.000    130.283
465.000    130.279
466.000    130.276
467.000    130.272
468.000    130.268
469.000    130.264
470.000    130.261
471.000    130.257
472.000    130.254
473.000    130.251
474.000    130.248
475.000    130.244
476.000    130.241
477.000    130.238
478.000    130.235
479.000    130.232
480.000    130.229
481.000    130.227
482.000    130.224
483.000    130.221
484.000    130.219
485.000    130.216
486.000    130.213
487.000    130.211
488.000    130.209
489.000    130.206
490.000    130.204
491.000    130.202
492.000    130.199
493.000    130.197
494.000    130.195
495.000    130.193
496.000    130.191
497.000    130.189
498.000    130.188
499.000    130.186
500.000    130.184
501.000    130.182
502.000    130.18
503.000    130.179
504.000    130.177
505.000    130.176
506.000    130.174
507.000    130.173
508.000    130.172
509.000    130.17
510.000    130.169
511.000    130.168
512.000    130.166
513.000    130.165
514.000    130.164
515.000    130.163
516.000    130.162
517.000    130.161
518.000    130.16
519.000    130.159
520.000    130.158
521.000    130.157
522.000    130.157
523.000    130.156
524.000    130.155
525.000    130.154
526.000    130.154
527.000    130.153
528.000    130.153
529.000    130.152
530.000    130.152
531.000    130.152
532.000    130.151
533.000    130.151
534.000    130.151
535.000    130.151
536.000    130.15
537.000    130.151
538.000    130.15
539.000    130.15
540.000    130.151
541.000    130.151
542.000    130.151
543.000    130.151
544.000    130.152
545.000    130.152
546.000    130.153
547.000    130.153
548.000    130.154
549.000    130.155
550.000    130.156
551.000    130.157
552.000    130.157
553.000    130.158
554.000    130.159
555.000    130.161
556.000    130.162
557.000    130.163
558.000    130.165
559.000    130.166
560.000    130.168
561.000    130.17
562.000    130.172
563.000    130.174
564.000    130.176
565.000    130.178
566.000    130.18
567.000    130.183
568.000    130.186
569.000    130.188
570.000    130.191
571.000    130.195
572.000    130.198
573.000    130.202
574.000    130.205
575.000    130.209
576.000    130.213
577.000    130.217
578.000    130.221
579.000    130.226
580.000    130.231
581.000    130.236
582.000    130.241
583.000    130.247
584.000    130.253
585.000    130.259
586.000    130.265
587.000    130.272
588.000    130.279
589.000    130.286
590.000    130.293
591.000    130.301
592.000    130.309
593.000    130.318
594.000    130.327
595.000    130.336
596.000    130.346
597.000    130.356
598.000    130.367
599.000    130.378
600.000    130.389
601.000    130.401
602.000    130.414
603.000    130.427
604.000    130.44
605.000    130.455
606.000    130.469
607.000    130.484
608.000    130.5
609.000    130.516
610.000    130.533
611.000    130.551
612.000    130.569
613.000    130.588
614.000    130.608
615.000    130.628
616.000    130.649
617.000    130.67
618.000    130.693
619.000    130.715
620.000    130.739
621.000    130.764
622.000    130.788
623.000    130.814
624.000    130.84
625.000    130.867
626.000    130.894
627.000    130.922
628.000    130.95
629.000    130.978
630.000    131.008
631.000    131.038
632.000    131.068
633.000    131.098
634.000    131.129
635.000    131.16
636.000    131.192
637.000    131.224
638.000    131.256
639.000    131.289
640.000    131.322
641.000    131.355
642.000    131.389
643.000    131.423
644.000    131.457
645.000    131.492
646.000    131.526
647.000    131.561
648.000    131.597
649.000    131.633
650.000    131.669
651.000    131.706
652.000    131.743
653.000    131.781
654.000    131.82
655.000    131.859
656.000    131.899
657.000    131.94
658.000    131.982
659.000    132.025
660.000    132.07
661.000    132.115
662.000    132.162
663.000    132.21
664.000    132.258
665.000    132.308
666.000    132.359
667.000    132.411
668.000    132.465
669.000    132.518
670.000    132.574
671.000    132.63
672.000    132.686
673.000    132.744
674.000    132.802
675.000    132.861
676.000    132.921
677.000    132.981
678.000    133.042
679.000    133.104
680.000    133.166
681.000    133.228
682.000    133.29
683.000    133.353
684.000    133.415
685.000    133.477
686.000    133.539
687.000    133.601
688.000    133.662
689.000    133.723
690.000    133.783
691.000    133.843
692.000    133.901
693.000    133.96
694.000    134.017
695.000    134.073
696.000    134.128
697.000    134.182
698.000    134.235
699.000    134.286
700.000    134.336
701.000    134.385
702.000    134.432
703.000    134.478
704.000    134.523
705.000    134.567
706.000    134.609
707.000    134.651
708.000    134.691
709.000    134.731
710.000    134.769
711.000    134.806
712.000    134.843
713.000    134.879
714.000    134.913
715.000    134.947
716.000    134.979
717.000    135.01
718.000    135.04
719.000    135.068
720.000    135.095
721.000    135.12
722.000    135.143
723.000    135.164
724.000    135.183
725.000    135.201
726.000    135.216
727.000    135.23
728.000    135.242
729.000    135.253
730.000    135.261
731.000    135.269
732.000    135.275
733.000    135.281
734.000    135.286
735.000    135.289
736.000    135.292
737.000    135.294
738.000    135.295
739.000    135.296
740.000    135.295
741.000    135.294
742.000    135.293
743.000    135.291
744.000    135.289
745.000    135.286
746.000    135.283
747.000    135.281
748.000    135.277
749.000    135.274
750.000    135.271
751.000    135.267
752.000    135.263
753.000    135.26
754.000    135.257
755.000    135.253
756.000    135.249
757.000    135.246
758.000    135.243
759.000    135.239
760.000    135.237
761.000    135.233
762.000    135.23
763.000    135.227
764.000    135.225
765.000    135.222
766.000    135.22
767.000    135.218
768.000    135.215
769.000    135.213
770.000    135.211
771.000    135.209
772.000    135.207
773.000    135.206
774.000    135.204
775.000    135.202
776.000    135.2
777.000    135.199
778.000    135.197
779.000    135.196
780.000    135.194
781.000    135.193
782.000    135.192
783.000    135.191
784.000    135.19
785.000    135.189
786.000    135.187
787.000    135.186
788.000    135.186
789.000    135.184
790.000    135.183
791.000    135.183
792.000    135.181
793.000    135.18
794.000    135.18
795.000    135.179
796.000    135.178
797.000    135.177
798.000    135.177
799.000    135.176
800.000    135.175
