0.000      176.199
1.000      176.199
2.000      176.199
3.000      176.199
4.000      176.199
5.000      176.199
6.000      176.199
7.000      176.199
8.000      176.199
9.000      176.199
10.000     176.199
11.000     176.199
12.000     176.199
13.000     176.199
14.000     176.199
15.000     176.199
16.000     176.199
17.000     176.199
18.000     176.199
19.000     176.199
20.000     176.199
21.000     176.199
22.000     176.199
23.000     176.199
24.000     176.199
25.000     176.199
26.000     176.199
27.000     176.199
28.000     176.199
29.000     176.199
30.000     176.199
31.000     176.199
32.000     176.199
33.000     176.199
34.000     176.199
35.000     176.199
36.000     176.199
37.000     176.199
38.000     176.199
39.000     176.199
40.000     176.199
41.000     176.199
42.000     176.199
43.000     176.199
44.000     176.199
45.000     176.199
46.000     176.199
47.000     176.199
48.000     176.199
49.000     176.199
50.000     176.199
51.000     176.199
52.000     176.2
53.000     176.2
54.000     176.2
55.000     176.2
56.000     176.2
57.000     176.201
58.000     176.201
59.000     176.201
60.000     176.202
61.000     176.202
62.000     176.202
63.000     176.203
64.000     176.203
65.000     176.204
66.000     176.204
67.000     176.205
68.000     176.206
69.000     176.207
70.000     176.208
71.000     176.209
72.000     176.211
73.000     176.212
74.000     176.214
75.000     176.216
76.000     176.218
77.000     176.221
78.000     176.223
79.000     176.226
80.000     176.229
81.000     176.232
82.000     176.235
83.000     176.238
84.000     176.241
85.000     176.244
86.000     176.246
87.000     176.248
88.000     176.249
89.000     176.25
90.000     176.25
91.000     176.249
92.000     176.248
93.000     176.246
94.000     176.243
95.000     176.24
96.000     176.236
97.000     176.232
98.000     176.227
99.000     176.223
100.000    176.218
101.000    176.213
102.000    176.208
103.000    176.203
104.000    176.198
105.000    176.192
106.000    176.187
107.000    176.181
108.000    176.175
109.000    176.169
110.000    176.163
111.000    176.156
112.000    176.15
113.000    176.144
114.000    176.137
115.000    176.131
116.000    176.125
117.000    176.119
118.000    176.112
119.000    176.106
120.000    176.1
121.000    176.095
122.000    176.09
123.000    176.084
124.000    176.079
125.000    176.074
126.000    176.07
127.000    176.065
128.000    176.06
129.000    176.056
130.000    176.051
131.000    176.046
132.000    176.042
133.000    176.036
134.000    176.03
135.000    176.025
136.000    176.019
137.000    176.013
138.000    176.006
139.000    176
140.000    175.993
141.000    175.987
142.000    175.98
143.000    175.974
144.000    175.967
145.000    175.96
146.000    175.954
147.000    175.947
148.000    175.941
149.000    175.934
150.000    175.928
151.000    175.921
152.000    175.914
153.000    175.908
154.000    175.901
155.000    175.894
156.000    175.888
157.000    175.881
158.000    175.874
159.000    175.868
160.000    175.861
161.000    175.855
162.000    175.849
163.000    175.843
164.000    175.836
165.000    175.831
166.000    175.824
167.000    175.818
168.000    175.813
169.000    175.806
170.000    175.801
171.000    175.794
172.000    175.788
173.000    175.781
174.000    175.775
175.000    175.768
176.000    175.761
177.000    175.754
178.000    175.747
179.000    175.74
180.000    175.733
181.000    175.726
182.000    175.72
183.000    175.713
184.000    175.706
185.000    175.7
186.000    175.694
187.000    175.688
188.000    175.682
189.000    175.677
190.000    175.672
191.000    175.667
192.000    175.663
193.000    175.658
194.000    175.654
195.000    175.649
196.000    175.645
197.000    175.64
198.000    175.635
199.000    175.629
200.000    175.622
201.000    175.615
202.000    175.606
203.000    175.597
204.000    175.585
205.000    175.572
206.000    175.557
207.000    175.539
208.000    175.519
209.000    175.496
210.000    175.47
211.000    175.44
212.000    175.406
213.000    175.367
214.000    175.324
215.000    175.276
216.000    175.222
217.000    175.161
218.000    175.095
219.000    175.021
220.000    174.94
221.000    174.85
222.000    174.753
223.000    174.647
224.000    174.531
225.000    174.405
226.000    174.27
227.000    174.125
228.000    173.968
229.000    173.801
230.000    173.624
231.000    173.435
232.000    173.235
233.000    173.023
234.000    172.801
235.000    172.567
236.000    172.322
237.000    172.067
238.000    171.801
239.000    171.524
240.000    171.237
241.000    170.94
242.000    170.633
243.000    170.317
244.000    169.99
245.000    169.655
246.000    169.311
247.000    168.958
248.000    168.597
249.000    168.227
250.000    167.85
251.000    167.465
252.000    167.073
253.000    166.674
254.000    166.269
255.000    165.858
256.000    165.441
257.000    165.019
258.000    164.593
259.000    164.162
260.000    163.727
261.000    163.288
262.000    162.846
263.000    162.401
264.000    161.953
265.000    161.502
266.000    161.05
267.000    160.597
268.000    160.142
269.000    159.686
270.000    159.23
271.000    158.774
272.000    158.318
273.000    157.863
274.000    157.409
275.000    156.956
276.000    156.506
277.000    156.057
278.000    155.612
279.000    155.169
280.000    154.73
281.000    154.295
282.000    153.863
283.000    153.436
284.000    153.014
285.000    152.596
286.000    152.182
287.000    151.773
288.000    151.369
289.000    150.97
290.000    150.576
291.000    150.187
292.000    149.803
293.000    149.424
294.000    149.051
295.000    148.682
296.000    148.319
297.000    147.962
298.000    147.609
299.000    147.262
300.000    146.92
301.000    146.583
302.000    146.251
303.000    145.924
304.000    145.603
305.000    145.286
306.000    144.974
307.000    144.667
308.000    144.365
309.000    144.067
310.000    143.775
311.000    143.486
312.000    143.202
313.000    142.922
314.000    142.647
315.000    142.376
316.000    142.109
317.000    141.846
318.000    141.587
319.000    141.332
320.000    141.081
321.000    140.833
322.000    140.59
323.000    140.351
324.000    140.115
325.000    139.883
326.000    139.655
327.000    139.43
328.000    139.21
329.000    138.993
330.000    138.78
331.000    138.571
332.000    138.366
333.000    138.164
334.000    137.966
335.000    137.772
336.000    137.581
337.000    137.395
338.000    137.211
339.000    137.032
340.000    136.856
341.000    136.684
342.000    136.515
343.000    136.35
344.000    136.188
345.000    136.029
346.000    135.873
347.000    135.721
348.000    135.571
349.000    135.425
350.000    135.282
351.000    135.141
352.000    135.004
353.000    134.869
354.000    134.737
355.000    134.608
356.000    134.481
357.000    134.357
358.000    134.235
359.000    134.116
360.000    133.999
361.000    133.885
362.000    133.772
363.000    133.663
364.000    133.554
365.000    133.449
366.000    133.346
367.000    133.244
368.000    133.144
369.000    133.047
370.000    132.951
371.000    132.858
372.000    132.766
373.000    132.676
374.000    132.587
375.000    132.501
376.000    132.416
377.000    132.333
378.000    132.252
379.000    132.171
380.000    132.093
381.000    132.016
382.000    131.941
383.000    131.867
384.000    131.795
385.000    131.724
386.000    131.655
387.000    131.586
388.000    131.52
389.000    131.454
390.000    131.39
391.000    131.327
392.000    131.265
393.000    131.205
394.000    131.145
395.000    131.087
396.000    131.03
397.000    130.974
398.000    130.919
399.000    130.865
400.000    130.812
401.000    130.761
402.000    130.71
403.000    130.66
404.000    130.612
405.000    130.564
406.000    130.517
407.000    130.471
408.000    130.426
409.000    130.382
410.000    130.339
411.000    130.297
412.000    130.255
413.000    130.214
414.000    130.174
415.000    130.135
416.000    130.097
417.000    130.059
418.000    130.022
419.000    129.986
420.000    129.951
421.000    129.916
422.000    129.882
423.000    129.849
424.000    129.816
425.000    129.784
426.000    129.753
427.000    129.722
428.000    129.692
429.000    129.662
430.000    129.633
431.000    129.605
432.000    129.577
433.000    129.55
434.000    129.524
435.000    129.497
436.000    129.472
437.000    129.447
438.000    129.422
439.000    129.398
440.000    129.374
441.000    129.351
442.000    129.328
443.000    129.306
444.000    129.285
445.000    129.263
446.000    129.242
447.000    129.222
448.000    129.202
449.000    129.182
450.000    129.163
451.000    129.144
452.000    129.126
453.000    129.108
454.000    129.091
455.000    129.073
456.000    129.057
457.000    129.04
458.000    129.024
459.000    129.008
460.000    128.992
461.000    128.977
462.000    128.962
463.000    128.948
464.000    128.934
465.000    128.92
466.000    128.906
467.000    128.893
468.000    128.88
469.000    128.867
470.000    128.855
471.000    128.843
472.000    128.831
473.000    128.819
474.000    128.808
475.000    128.797
476.000    128.786
477.000    128.776
478.000    128.766
479.000    128.756
480.000    128.746
481.000    128.736
482.000    128.727
483.000    128.718
484.000    128.71
485.000    128.701
486.000    128.693
487.000    128.685
488.000    128.677
489.000    128.67
490.000    128.662
491.000    128.655
492.000    128.648
493.000    128.641
494.000    128.635
495.000    128.629
496.000    128.623
497.000    128.617
498.000    128.612
499.000    128.607
500.000    128.601
501.000    128.597
502.000    128.592
503.000    128.588
504.000    128.584
505.000    128.58
506.000    128.576
507.000    128.573
508.000    128.569
509.000    128.567
510.000    128.564
511.000    128.562
512.000    128.559
513.000    128.557
514.000    128.555
515.000    128.554
516.000    128.553
517.000    128.552
518.000    128.551
519.000    128.551
520.000    128.551
521.000    128.551
522.000    128.551
523.000    128.552
524.000    128.553
525.000    128.555
526.000    128.556
527.000    128.558
528.000    128.561
529.000    128.564
530.000    128.567
531.000    128.57
532.000    128.574
533.000    128.578
534.000    128.583
535.000    128.587
536.000    128.593
537.000    128.599
538.000    128.605
539.000    128.612
540.000    128.619
541.000    128.627
542.000    128.636
543.000    128.645
544.000    128.654
545.000    128.664
546.000    128.674
547.000    128.686
548.000    128.697
549.000    128.71
550.000    128.723
551.000    128.737
552.000    128.752
553.000    128.767
554.000    128.783
555.000    128.8
556.000    128.818
557.000    128.837
558.000    128.856
559.000    128.877
560.000    128.898
561.000    128.921
562.000    128.945
563.000    128.97
564.000    128.995
565.000    129.023
566.000    129.052
567.000    129.082
568.000    129.112
569.000    129.145
570.000    129.179
571.000    129.215
572.000    129.252
573.000    129.291
574.000    129.332
575.000    129.374
576.000    129.418
577.000    129.465
578.000    129.513
579.000    129.564
580.000    129.616
581.000    129.671
582.000    129.729
583.000    129.789
584.000    129.852
585.000    129.917
586.000    129.986
587.000    130.057
588.000    130.132
589.000    130.209
590.000    130.291
591.000    130.376
592.000    130.464
593.000    130.557
594.000    130.653
595.000    130.754
596.000    130.859
597.000    130.97
598.000    131.084
599.000    131.204
600.000    131.329
601.000    131.461
602.000    131.597
603.000    131.741
604.000    131.89
605.000    132.046
606.000    132.209
607.000    132.379
608.000    132.558
609.000    132.743
610.000    132.938
611.000    133.142
612.000    133.354
613.000    133.576
614.000    133.809
615.000    134.051
616.000    134.305
617.000    134.569
618.000    134.846
619.000    135.135
620.000    135.436
621.000    135.751
622.000    136.078
623.000    136.42
624.000    136.775
625.000    137.145
626.000    137.53
627.000    137.929
628.000    138.344
629.000    138.773
630.000    139.218
631.000    139.677
632.000    140.152
633.000    140.641
634.000    141.145
635.000    141.664
636.000    142.196
637.000    142.742
638.000    143.3
639.000    143.87
640.000    144.453
641.000    145.046
642.000    145.648
643.000    146.259
644.000    146.878
645.000    147.505
646.000    148.137
647.000    148.774
648.000    149.414
649.000    150.057
650.000    150.702
651.000    151.347
652.000    151.991
653.000    152.634
654.000    153.273
655.000    153.908
656.000    154.538
657.000    155.162
658.000    155.779
659.000    156.39
660.000    156.992
661.000    157.587
662.000    158.174
663.000    158.753
664.000    159.323
665.000    159.886
666.000    160.442
667.000    160.989
668.000    161.528
669.000    162.059
670.000    162.583
671.000    163.098
672.000    163.605
673.000    164.103
674.000    164.591
675.000    165.069
676.000    165.535
677.000    165.988
678.000    166.428
679.000    166.854
680.000    167.265
681.000    167.66
682.000    168.04
683.000    168.403
684.000    168.751
685.000    169.084
686.000    169.401
687.000    169.703
688.000    169.991
689.000    170.265
690.000    170.526
691.000    170.775
692.000    171.012
693.000    171.238
694.000    171.454
695.000    171.66
696.000    171.857
697.000    172.045
698.000    172.225
699.000    172.398
700.000    172.564
701.000    172.724
702.000    172.878
703.000    173.028
704.000    173.173
705.000    173.314
706.000    173.452
707.000    173.586
708.000    173.717
709.000    173.846
710.000    173.971
711.000    174.095
712.000    174.215
713.000    174.333
714.000    174.448
715.000    174.559
716.000    174.667
717.000    174.77
718.000    174.87
719.000    174.965
720.000    175.056
721.000    175.142
722.000    175.224
723.000    175.3
724.000    175.372
725.000    175.44
726.000    175.502
727.000    175.561
728.000    175.616
729.000    175.667
730.000    175.715
731.000    175.759
732.000    175.801
733.000    175.84
734.000    175.876
735.000    175.91
736.000    175.942
737.000    175.972
738.000    175.999
739.000    176.025
740.000    176.049
741.000    176.07
742.000    176.09
743.000    176.107
744.000    176.122
745.000    176.136
746.000    176.148
747.000    176.158
748.000    176.166
749.000    176.173
750.000    176.179
751.000    176.184
752.000    176.187
753.000    176.191
754.000    176.193
755.000    176.194
756.000    176.196
757.000    176.197
758.000    176.198
759.000    176.199
760.000    176.2
761.000    176.201
762.000    176.202
763.000    176.203
764.000    176.204
765.000    176.206
766.000    176.207
767.000    176.208
768.000    176.209
769.000    176.21
770.000    176.211
771.000    176.212
772.000    176.213
773.000    176.213
774.000    176.214
775.000    176.214
776.000    176.213
777.000    176.213
778.000    176.213
779.000    176.213
780.000    176.212
781.000    176.212
782.000    176.211
783.000    176.211
784.000    176.211
785.000    176.21
786.000    176.21
787.000    176.209
788.000    176.209
789.000    176.209
790.000    176.209
791.000    176.208
792.000    176.208
793.000    176.208
794.000    176.208
795.000    176.207
796.000    176.207
797.000    176.207
798.000    176.206
799.000    176.206
800.000    176.206
