0.000      123.061
1.000      123.061
2.000      123.061
3.000      123.061
4.000      123.061
5.000      123.061
6.000      123.061
7.000      123.061
8.000      123.061
9.000      123.061
10.000     123.061
11.000     123.061
12.000     123.061
13.000     123.061
14.000     123.061
15.000     123.061
16.000     123.061
17.000     123.061
18.000     123.061
19.000     123.061
20.000     123.061
21.000     123.061
22.000     123.061
23.000     123.061
24.000     123.061
25.000     123.061
26.000     123.061
27.000     123.061
28.000     123.061
29.000     123.061
30.000     123.061
31.000     123.061
32.000     123.06
33.000     123.06
34.000     123.06
35.000     123.059
36.000     123.059
37.000     123.058
38.000     123.057
39.000     123.055
40.000     123.054
41.000     123.052
42.000     123.049
43.000     123.047
44.000     123.043
45.000     123.039
46.000     123.034
47.000     123.028
48.000     123.021
49.000     123.014
50.000     123.004
51.000     122.995
52.000     122.983
53.000     122.971
54.000     122.957
55.000     122.942
56.000     122.925
57.000     122.907
58.000     122.886
59.000     122.864
60.000     122.84
61.000     122.814
62.000     122.786
63.000     122.756
64.000     122.723
65.000     122.688
66.000     122.651
67.000     122.611
68.000     122.568
69.000     122.523
70.000     122.476
71.000     122.426
72.000     122.374
73.000     122.32
74.000     122.263
75.000     122.204
76.000     122.142
77.000     122.078
78.000     122.009
79.000     121.937
80.000     121.861
81.000     121.78
82.000     121.693
83.000     121.601
84.000     121.503
85.000     121.399
86.000     121.289
87.000     121.173
88.000     121.05
89.000     120.922
90.000     120.787
91.000     120.648
92.000     120.503
93.000     120.353
94.000     120.199
95.000     120.04
96.000     119.876
97.000     119.709
98.000     119.538
99.000     119.363
100.000    119.184
101.000    119.003
102.000    118.818
103.000    118.629
104.000    118.439
105.000    118.244
106.000    118.047
107.000    117.847
108.000    117.644
109.000    117.438
110.000    117.229
111.000    117.018
112.000    116.805
113.000    116.588
114.000    116.37
115.000    116.149
116.000    115.926
117.000    115.7
118.000    115.473
119.000    115.245
120.000    115.015
121.000    114.785
122.000    114.555
123.000    114.325
124.000    114.096
125.000    113.869
126.000    113.643
127.000    113.42
128.000    113.2
129.000    112.983
130.000    112.77
131.000    112.561
132.000    112.357
133.000    112.159
134.000    111.965
135.000    111.778
136.000    111.597
137.000    111.423
138.000    111.256
139.000    111.096
140.000    110.942
141.000    110.796
142.000    110.657
143.000    110.524
144.000    110.398
145.000    110.279
146.000    110.166
147.000    110.059
148.000    109.958
149.000    109.863
150.000    109.773
151.000    109.689
152.000    109.61
153.000    109.536
154.000    109.467
155.000    109.402
156.000    109.341
157.000    109.285
158.000    109.232
159.000    109.184
160.000    109.139
161.000    109.098
162.000    109.06
163.000    109.026
164.000    108.994
165.000    108.967
166.000    108.942
167.000    108.92
168.000    108.9
169.000    108.884
170.000    108.87
171.000    108.859
172.000    108.85
173.000    108.843
174.000    108.838
175.000    108.836
176.000    108.835
177.000    108.836
178.000    108.839
179.000    108.843
180.000    108.85
181.000    108.857
182.000    108.867
183.000    108.878
184.000    108.89
185.000    108.904
186.000    108.92
187.000    108.937
188.000    108.955
189.000    108.975
190.000    108.997
191.000    109.02
192.000    109.046
193.000    109.073
194.000    109.102
195.000    109.132
196.000    109.165
197.000    109.2
198.000    109.237
199.000    109.276
200.000    109.317
201.000    109.361
202.000    109.406
203.000    109.455
204.000    109.505
205.000    109.558
206.000    109.613
207.000    109.671
208.000    109.73
209.000    109.793
210.000    109.857
211.000    109.925
212.000    109.995
213.000    110.067
214.000    110.142
215.000    110.22
216.000    110.301
217.000    110.384
218.000    110.47
219.000    110.558
220.000    110.649
221.000    110.743
222.000    110.839
223.000    110.939
224.000    111.04
225.000    111.144
226.000    111.25
227.000    111.359
228.000    111.471
229.000    111.584
230.000    111.7
231.000    111.818
232.000    111.939
233.000    112.061
234.000    112.186
235.000    112.312
236.000    112.44
237.000    112.57
238.000    112.701
239.000    112.835
240.000    112.969
241.000    113.105
242.000    113.242
243.000    113.381
244.000    113.521
245.000    113.661
246.000    113.803
247.000    113.946
248.000    114.089
249.000    114.233
250.000    114.378
251.000    114.524
252.000    114.67
253.000    114.817
254.000    114.964
255.000    115.112
256.000    115.261
257.000    115.41
258.000    115.559
259.000    115.709
260.000    115.859
261.000    116.009
262.000    116.158
263.000    116.307
264.000    116.456
265.000    116.603
266.000    116.749
267.000    116.893
268.000    117.035
269.000    117.174
270.000    117.309
271.000    117.441
272.000    117.569
273.000    117.693
274.000    117.814
275.000    117.93
276.000    118.042
277.000    118.149
278.000    118.252
279.000    118.351
280.000    118.445
281.000    118.535
282.000    118.62
283.000    118.699
284.000    118.774
285.000    118.843
286.000    118.906
287.000    118.963
288.000    119.015
289.000    119.059
290.000    119.097
291.000    119.129
292.000    119.155
293.000    119.173
294.000    119.186
295.000    119.191
296.000    119.19
297.000    119.183
298.000    119.169
299.000    119.149
300.000    119.123
301.000    119.091
302.000    119.054
303.000    119.01
304.000    118.962
305.000    118.908
306.000    118.849
307.000    118.786
308.000    118.719
309.000    118.648
310.000    118.574
311.000    118.497
312.000    118.417
313.000    118.337
314.000    118.254
315.000    118.171
316.000    118.088
317.000    118.004
318.000    117.92
319.000    117.837
320.000    117.753
321.000    117.671
322.000    117.588
323.000    117.507
324.000    117.426
325.000    117.346
326.000    117.267
327.000    117.189
328.000    117.111
329.000    117.035
330.000    116.959
331.000    116.883
332.000    116.809
333.000    116.735
334.000    116.663
335.000    116.591
336.000    116.52
337.000    116.45
338.000    116.38
339.000    116.312
340.000    116.246
341.000    116.18
342.000    116.115
343.000    116.051
344.000    115.989
345.000    115.928
346.000    115.867
347.000    115.808
348.000    115.749
349.000    115.691
350.000    115.633
351.000    115.576
352.000    115.52
353.000    115.464
354.000    115.409
355.000    115.354
356.000    115.299
357.000    115.245
358.000    115.191
359.000    115.138
360.000    115.085
361.000    115.032
362.000    114.981
363.000    114.93
364.000    114.879
365.000    114.829
366.000    114.78
367.000    114.732
368.000    114.684
369.000    114.638
370.000    114.592
371.000    114.547
372.000    114.504
373.000    114.46
374.000    114.418
375.000    114.377
376.000    114.336
377.000    114.296
378.000    114.257
379.000    114.219
380.000    114.181
381.000    114.144
382.000    114.107
383.000    114.072
384.000    114.036
385.000    114.002
386.000    113.968
387.000    113.934
388.000    113.901
389.000    113.869
390.000    113.837
391.000    113.806
392.000    113.775
393.000    113.746
394.000    113.716
395.000    113.688
396.000    113.659
397.000    113.632
398.000    113.605
399.000    113.578
400.000    113.552
401.000    113.527
402.000    113.502
403.000    113.477
404.000    113.453
405.000    113.43
406.000    113.407
407.000    113.384
408.000    113.362
409.000    113.34
410.000    113.319
411.000    113.298
412.000    113.277
413.000    113.257
414.000    113.237
415.000    113.218
416.000    113.199
417.000    113.18
418.000    113.162
419.000    113.143
420.000    113.126
421.000    113.109
422.000    113.092
423.000    113.075
424.000    113.059
425.000    113.043
426.000    113.028
427.000    113.012
428.000    112.997
429.000    112.982
430.000    112.968
431.000    112.954
432.000    112.94
433.000    112.927
434.000    112.914
435.000    112.901
436.000    112.888
437.000    112.876
438.000    112.864
439.000    112.852
440.000    112.841
441.000    112.829
442.000    112.818
443.000    112.807
444.000    112.797
445.000    112.786
446.000    112.776
447.000    112.766
448.000    112.756
449.000    112.747
450.000    112.737
451.000    112.728
452.000    112.719
453.000    112.71
454.000    112.702
455.000    112.693
456.000    112.685
457.000    112.677
458.000    112.669
459.000    112.662
460.000    112.654
461.000    112.647
462.000    112.639
463.000    112.632
464.000    112.625
465.000    112.618
466.000    112.612
467.000    112.606
468.000    112.6
469.000    112.593
470.000    112.588
471.000    112.582
472.000    112.576
473.000    112.571
474.000    112.565
475.000    112.56
476.000    112.555
477.000    112.55
478.000    112.545
479.000    112.541
480.000    112.536
481.000    112.532
482.000    112.527
483.000    112.523
484.000    112.519
485.000    112.515
486.000    112.512
487.000    112.508
488.000    112.505
489.000    112.501
490.000    112.498
491.000    112.495
492.000    112.492
493.000    112.489
494.000    112.486
495.000    112.484
496.000    112.481
497.000    112.479
498.000    112.476
499.000    112.474
500.000    112.472
501.000    112.47
502.000    112.469
503.000    112.467
504.000    112.465
505.000    112.464
506.000    112.463
507.000    112.462
508.000    112.461
509.000    112.46
510.000    112.46
511.000    112.459
512.000    112.459
513.000    112.459
514.000    112.459
515.000    112.459
516.000    112.459
517.000    112.46
518.000    112.46
519.000    112.461
520.000    112.462
521.000    112.463
522.000    112.465
523.000    112.466
524.000    112.468
525.000    112.47
526.000    112.472
527.000    112.475
528.000    112.477
529.000    112.48
530.000    112.483
531.000    112.486
532.000    112.49
533.000    112.494
534.000    112.498
535.000    112.502
536.000    112.507
537.000    112.512
538.000    112.517
539.000    112.523
540.000    112.529
541.000    112.535
542.000    112.542
543.000    112.548
544.000    112.556
545.000    112.564
546.000    112.572
547.000    112.58
548.000    112.589
549.000    112.599
550.000    112.609
551.000    112.619
552.000    112.63
553.000    112.641
554.000    112.653
555.000    112.666
556.000    112.679
557.000    112.692
558.000    112.707
559.000    112.722
560.000    112.737
561.000    112.754
562.000    112.771
563.000    112.789
564.000    112.807
565.000    112.827
566.000    112.847
567.000    112.868
568.000    112.89
569.000    112.913
570.000    112.937
571.000    112.962
572.000    112.988
573.000    113.015
574.000    113.044
575.000    113.073
576.000    113.103
577.000    113.136
578.000    113.168
579.000    113.202
580.000    113.239
581.000    113.276
582.000    113.315
583.000    113.355
584.000    113.396
585.000    113.439
586.000    113.485
587.000    113.531
588.000    113.58
589.000    113.63
590.000    113.682
591.000    113.736
592.000    113.792
593.000    113.849
594.000    113.909
595.000    113.97
596.000    114.034
597.000    114.1
598.000    114.167
599.000    114.237
600.000    114.309
601.000    114.383
602.000    114.458
603.000    114.535
604.000    114.615
605.000    114.696
606.000    114.779
607.000    114.864
608.000    114.95
609.000    115.038
610.000    115.127
611.000    115.217
612.000    115.309
613.000    115.4
614.000    115.492
615.000    115.585
616.000    115.678
617.000    115.77
618.000    115.862
619.000    115.953
620.000    116.043
621.000    116.132
622.000    116.22
623.000    116.305
624.000    116.389
625.000    116.471
626.000    116.55
627.000    116.626
628.000    116.7
629.000    116.771
630.000    116.839
631.000    116.903
632.000    116.966
633.000    117.024
634.000    117.081
635.000    117.134
636.000    117.185
637.000    117.234
638.000    117.281
639.000    117.325
640.000    117.369
641.000    117.411
642.000    117.452
643.000    117.492
644.000    117.533
645.000    117.574
646.000    117.616
647.000    117.659
648.000    117.703
649.000    117.75
650.000    117.799
651.000    117.852
652.000    117.907
653.000    117.967
654.000    118.031
655.000    118.1
656.000    118.172
657.000    118.251
658.000    118.333
659.000    118.42
660.000    118.512
661.000    118.607
662.000    118.706
663.000    118.808
664.000    118.913
665.000    119.02
666.000    119.128
667.000    119.237
668.000    119.346
669.000    119.455
670.000    119.563
671.000    119.67
672.000    119.775
673.000    119.88
674.000    119.982
675.000    120.082
676.000    120.18
677.000    120.276
678.000    120.369
679.000    120.461
680.000    120.55
681.000    120.637
682.000    120.722
683.000    120.805
684.000    120.886
685.000    120.965
686.000    121.044
687.000    121.119
688.000    121.195
689.000    121.269
690.000    121.342
691.000    121.414
692.000    121.485
693.000    121.554
694.000    121.623
695.000    121.691
696.000    121.758
697.000    121.824
698.000    121.888
699.000    121.95
700.000    122.012
701.000    122.071
702.000    122.128
703.000    122.184
704.000    122.236
705.000    122.287
706.000    122.335
707.000    122.381
708.000    122.424
709.000    122.464
710.000    122.502
711.000    122.537
712.000    122.571
713.000    122.602
714.000    122.631
715.000    122.658
716.000    122.684
717.000    122.708
718.000    122.731
719.000    122.754
720.000    122.774
721.000    122.794
722.000    122.813
723.000    122.832
724.000    122.85
725.000    122.867
726.000    122.884
727.000    122.9
728.000    122.915
729.000    122.93
730.000    122.944
731.000    122.957
732.000    122.969
733.000    122.98
734.000    122.992
735.000    123.001
736.000    123.01
737.000    123.018
738.000    123.025
739.000    123.031
740.000    123.036
741.000    123.04
742.000    123.044
743.000    123.046
744.000    123.048
745.000    123.05
746.000    123.05
747.000    123.051
748.000    123.05
749.000    123.05
750.000    123.049
751.000    123.048
752.000    123.047
753.000    123.046
754.000    123.045
755.000    123.044
756.000    123.043
757.000    123.043
758.000    123.042
759.000    123.042
760.000    123.042
761.000    123.042
762.000    123.042
763.000    123.043
764.000    123.043
765.000    123.044
766.000    123.045
767.000    123.046
768.000    123.046
769.000    123.048
770.000    123.048
771.000    123.05
772.000    123.051
773.000    123.051
774.000    123.052
775.000    123.053
776.000    123.054
777.000    123.055
778.000    123.056
779.000    123.057
780.000    123.058
781.000    123.058
782.000    123.059
783.000    123.06
784.000    123.06
785.000    123.061
786.000    123.062
787.000    123.062
788.000    123.063
789.000    123.063
790.000    123.064
791.000    123.065
792.000    123.065
793.000    123.065
794.000    123.065
795.000    123.066
796.000    123.066
797.000    123.066
798.000    123.066
799.000    123.066
800.000    123.066
