0.000      135.153
1.000      135.153
2.000      135.153
3.000      135.153
4.000      135.153
5.000      135.153
6.000      135.153
7.000      135.153
8.000      135.153
9.000      135.153
10.000     135.153
11.000     135.153
12.000     135.153
13.000     135.153
14.000     135.153
15.000     135.153
16.000     135.153
17.000     135.153
18.000     135.153
19.000     135.153
20.000     135.153
21.000     135.153
22.000     135.153
23.000     135.153
24.000     135.153
25.000     135.153
26.000     135.153
27.000     135.153
28.000     135.153
29.000     135.153
30.000     135.153
31.000     135.153
32.000     135.153
33.000     135.153
34.000     135.153
35.000     135.153
36.000     135.153
37.000     135.153
38.000     135.153
39.000     135.153
40.000     135.153
41.000     135.153
42.000     135.153
43.000     135.153
44.000     135.153
45.000     135.153
46.000     135.153
47.000     135.153
48.000     135.153
49.000     135.154
50.000     135.153
51.000     135.154
52.000     135.153
53.000     135.154
54.000     135.154
55.000     135.153
56.000     135.154
57.000     135.154
58.000     135.154
59.000     135.154
60.000     135.154
61.000     135.154
62.000     135.154
63.000     135.154
64.000     135.154
65.000     135.154
66.000     135.153
67.000     135.153
68.000     135.153
69.000     135.153
70.000     135.153
71.000     135.153
72.000     135.152
73.000     135.151
74.000     135.149
75.000     135.146
76.000     135.141
77.000     135.133
78.000     135.122
79.000     135.107
80.000     135.086
81.000     135.058
82.000     135.024
83.000     134.981
84.000     134.928
85.000     134.866
86.000     134.793
87.000     134.709
88.000     134.615
89.000     134.509
90.000     134.392
91.000     134.266
92.000     134.129
93.000     133.984
94.000     133.831
95.000     133.67
96.000     133.503
97.000     133.33
98.000     133.152
99.000     132.97
100.000    132.784
101.000    132.595
102.000    132.403
103.000    132.209
104.000    132.013
105.000    131.815
106.000    131.615
107.000    131.414
108.000    131.211
109.000    131.008
110.000    130.802
111.000    130.596
112.000    130.389
113.000    130.181
114.000    129.973
115.000    129.764
116.000    129.556
117.000    129.347
118.000    129.139
119.000    128.932
120.000    128.725
121.000    128.519
122.000    128.314
123.000    128.11
124.000    127.907
125.000    127.705
126.000    127.504
127.000    127.304
128.000    127.105
129.000    126.907
130.000    126.71
131.000    126.513
132.000    126.317
133.000    126.122
134.000    125.926
135.000    125.731
136.000    125.537
137.000    125.343
138.000    125.148
139.000    124.954
140.000    124.759
141.000    124.565
142.000    124.37
143.000    124.175
144.000    123.98
145.000    123.786
146.000    123.591
147.000    123.397
148.000    123.204
149.000    123.01
150.000    122.818
151.000    122.627
152.000    122.437
153.000    122.248
154.000    122.061
155.000    121.875
156.000    121.691
157.000    121.509
158.000    121.328
159.000    121.15
160.000    120.974
161.000    120.8
162.000    120.629
163.000    120.46
164.000    120.294
165.000    120.13
166.000    119.969
167.000    119.811
168.000    119.655
169.000    119.503
170.000    119.354
171.000    119.208
172.000    119.066
173.000    118.928
174.000    118.793
175.000    118.663
176.000    118.537
177.000    118.416
178.000    118.298
179.000    118.186
180.000    118.077
181.000    117.973
182.000    117.874
183.000    117.778
184.000    117.687
185.000    117.6
186.000    117.518
187.000    117.439
188.000    117.364
189.000    117.294
190.000    117.227
191.000    117.164
192.000    117.105
193.000    117.049
194.000    116.997
195.000    116.949
196.000    116.904
197.000    116.862
198.000    116.824
199.000    116.789
200.000    116.757
201.000    116.729
202.000    116.703
203.000    116.681
204.000    116.661
205.000    116.645
206.000    116.631
207.000    116.62
208.000    116.612
209.000    116.607
210.000    116.605
211.000    116.606
212.000    116.609
213.000    116.615
214.000    116.625
215.000    116.637
216.000    116.652
217.000    116.67
218.000    116.691
219.000    116.715
220.000    116.743
221.000    116.773
222.000    116.807
223.000    116.844
224.000    116.885
225.000    116.929
226.000    116.976
227.000    117.027
228.000    117.083
229.000    117.141
230.000    117.204
231.000    117.271
232.000    117.342
233.000    117.418
234.000    117.497
235.000    117.581
236.000    117.671
237.000    117.764
238.000    117.863
239.000    117.966
240.000    118.075
241.000    118.189
242.000    118.309
243.000    118.434
244.000    118.564
245.000    118.7
246.000    118.842
247.000    118.989
248.000    119.141
249.000    119.299
250.000    119.462
251.000    119.63
252.000    119.802
253.000    119.98
254.000    120.161
255.000    120.346
256.000    120.535
257.000    120.726
258.000    120.919
259.000    121.114
260.000    121.311
261.000    121.507
262.000    121.702
263.000    121.896
264.000    122.088
265.000    122.277
266.000    122.462
267.000    122.642
268.000    122.816
269.000    122.985
270.000    123.149
271.000    123.305
272.000    123.456
273.000    123.601
274.000    123.74
275.000    123.874
276.000    124.004
277.000    124.131
278.000    124.255
279.000    124.377
280.000    124.498
281.000    124.617
282.000    124.736
283.000    124.855
284.000    124.974
285.000    125.093
286.000    125.213
287.000    125.333
288.000    125.453
289.000    125.573
290.000    125.694
291.000    125.814
292.000    125.936
293.000    126.057
294.000    126.178
295.000    126.299
296.000    126.421
297.000    126.542
298.000    126.664
299.000    126.786
300.000    126.907
301.000    127.028
302.000    127.148
303.000    127.268
304.000    127.387
305.000    127.506
306.000    127.624
307.000    127.742
308.000    127.859
309.000    127.976
310.000    128.091
311.000    128.207
312.000    128.32
313.000    128.433
314.000    128.544
315.000    128.654
316.000    128.762
317.000    128.868
318.000    128.972
319.000    129.074
320.000    129.173
321.000    129.27
322.000    129.363
323.000    129.453
324.000    129.541
325.000    129.625
326.000    129.706
327.000    129.783
328.000    129.857
329.000    129.927
330.000    129.994
331.000    130.057
332.000    130.117
333.000    130.173
334.000    130.226
335.000    130.275
336.000    130.321
337.000    130.364
338.000    130.403
339.000    130.44
340.000    130.473
341.000    130.504
342.000    130.532
343.000    130.557
344.000    130.579
345.000    130.598
346.000    130.615
347.000    130.63
348.000    130.641
349.000    130.651
350.000    130.658
351.000    130.663
352.000    130.666
353.000    130.667
354.000    130.667
355.000    130.665
356.000    130.662
357.000    130.658
358.000    130.652
359.000    130.646
360.000    130.64
361.000    130.633
362.000    130.626
363.000    130.619
364.000    130.613
365.000    130.606
366.000    130.6
367.000    130.594
368.000    130.589
369.000    130.583
370.000    130.578
371.000    130.574
372.000    130.569
373.000    130.565
374.000    130.561
375.000    130.557
376.000    130.553
377.000    130.55
378.000    130.545
379.000    130.542
380.000    130.539
381.000    130.535
382.000    130.532
383.000    130.529
384.000    130.526
385.000    130.523
386.000    130.521
387.000    130.518
388.000    130.516
389.000    130.513
390.000    130.511
391.000    130.509
392.000    130.506
393.000    130.504
394.000    130.501
395.000    130.499
396.000    130.497
397.000    130.494
398.000    130.492
399.000    130.49
400.000    130.488
401.000    130.486
402.000    130.483
403.000    130.481
404.000    130.479
405.000    130.477
406.000    130.475
407.000    130.473
408.000    130.471
409.000    130.469
410.000    130.468
411.000    130.467
412.000    130.465
413.000    130.463
414.000    130.461
415.000    130.46
416.000    130.459
417.000    130.458
418.000    130.456
419.000    130.455
420.000    130.454
421.000    130.453
422.000    130.452
423.000    130.451
424.000    130.45
425.000    130.449
426.000    130.448
427.000    130.447
428.000    130.446
429.000    130.445
430.000    130.444
431.000    130.443
432.000    130.442
433.000    130.441
434.000    130.44
435.000    130.44
436.000    130.439
437.000    130.438
438.000    130.438
439.000    130.437
440.000    130.437
441.000    130.436
442.000    130.436
443.000    130.435
444.000    130.435
445.000    130.435
446.000    130.434
447.000    130.433
448.000    130.433
449.000    130.433
450.000    130.433
451.000    130.433
452.000    130.433
453.000    130.432
454.000    130.433
455.000    130.433
456.000    130.433
457.000    130.432
458.000    130.433
459.000    130.433
460.000    130.433
461.000    130.433
462.000    130.433
463.000    130.434
464.000    130.435
465.000    130.435
466.000    130.435
467.000    130.436
468.000    130.437
469.000    130.437
470.000    130.438
471.000    130.439
472.000    130.439
473.000    130.44
474.000    130.442
475.000    130.443
476.000    130.444
477.000    130.445
478.000    130.446
479.000    130.447
480.000    130.449
481.000    130.45
482.000    130.452
483.000    130.454
484.000    130.456
485.000    130.458
486.000    130.459
487.000    130.461
488.000    130.464
489.000    130.466
490.000    130.468
491.000    130.471
492.000    130.474
493.000    130.476
494.000    130.479
495.000    130.482
496.000    130.485
497.000    130.489
498.000    130.493
499.000    130.496
500.000    130.5
501.000    130.504
502.000    130.508
503.000    130.512
504.000    130.517
505.000    130.522
506.000    130.527
507.000    130.532
508.000    130.537
509.000    130.543
510.000    130.549
511.000    130.555
512.000    130.561
513.000    130.568
514.000    130.574
515.000    130.581
516.000    130.589
517.000    130.597
518.000    130.605
519.000    130.613
520.000    130.622
521.000    130.631
522.000    130.64
523.000    130.65
524.000    130.66
525.000    130.67
526.000    130.682
527.000    130.693
528.000    130.704
529.000    130.717
530.000    130.729
531.000    130.742
532.000    130.756
533.000    130.77
534.000    130.784
535.000    130.799
536.000    130.815
537.000    130.831
538.000    130.848
539.000    130.865
540.000    130.883
541.000    130.901
542.000    130.921
543.000    130.94
544.000    130.96
545.000    130.981
546.000    131.003
547.000    131.025
548.000    131.048
549.000    131.072
550.000    131.096
551.000    131.122
552.000    131.148
553.000    131.174
554.000    131.201
555.000    131.229
556.000    131.258
557.000    131.288
558.000    131.318
559.000    131.35
560.000    131.381
561.000    131.414
562.000    131.448
563.000    131.482
564.000    131.517
565.000    131.553
566.000    131.589
567.000    131.627
568.000    131.665
569.000    131.704
570.000    131.744
571.000    131.785
572.000    131.826
573.000    131.868
574.000    131.911
575.000    131.955
576.000    131.999
577.000    132.044
578.000    132.09
579.000    132.137
580.000    132.184
581.000    132.232
582.000    132.28
583.000    132.329
584.000    132.379
585.000    132.429
586.000    132.479
587.000    132.53
588.000    132.581
589.000    132.632
590.000    132.684
591.000    132.735
592.000    132.787
593.000    132.839
594.000    132.891
595.000    132.942
596.000    132.994
597.000    133.046
598.000    133.098
599.000    133.149
600.000    133.201
601.000    133.252
602.000    133.304
603.000    133.355
604.000    133.406
605.000    133.456
606.000    133.507
607.000    133.557
608.000    133.607
609.000    133.657
610.000    133.707
611.000    133.756
612.000    133.805
613.000    133.854
614.000    133.903
615.000    133.951
616.000    134
617.000    134.048
618.000    134.096
619.000    134.144
620.000    134.192
621.000    134.238
622.000    134.285
623.000    134.331
624.000    134.377
625.000    134.422
626.000    134.467
627.000    134.511
628.000    134.554
629.000    134.597
630.000    134.639
631.000    134.679
632.000    134.718
633.000    134.757
634.000    134.793
635.000    134.829
636.000    134.863
637.000    134.895
638.000    134.926
639.000    134.955
640.000    134.983
641.000    135.009
642.000    135.033
643.000    135.055
644.000    135.076
645.000    135.095
646.000    135.113
647.000    135.13
648.000    135.144
649.000    135.158
650.000    135.171
651.000    135.183
652.000    135.194
653.000    135.204
654.000    135.214
655.000    135.224
656.000    135.234
657.000    135.243
658.000    135.253
659.000    135.262
660.000    135.271
661.000    135.28
662.000    135.288
663.000    135.296
664.000    135.304
665.000    135.311
666.000    135.317
667.000    135.323
668.000    135.327
669.000    135.332
670.000    135.335
671.000    135.338
672.000    135.34
673.000    135.341
674.000    135.342
675.000    135.342
676.000    135.341
677.000    135.34
678.000    135.338
679.000    135.336
680.000    135.333
681.000    135.33
682.000    135.327
683.000    135.323
684.000    135.318
685.000    135.313
686.000    135.308
687.000    135.303
688.000    135.297
689.000    135.291
690.000    135.285
691.000    135.28
692.000    135.274
693.000    135.269
694.000    135.264
695.000    135.259
696.000    135.254
697.000    135.25
698.000    135.246
699.000    135.243
700.000    135.239
701.000    135.236
702.000    135.232
703.000    135.229
704.000    135.226
705.000    135.223
706.000    135.22
707.000    135.216
708.000    135.214
709.000    135.21
710.000    135.207
711.000    135.204
712.000    135.201
713.000    135.198
714.000    135.195
715.000    135.192
716.000    135.189
717.000    135.187
718.000    135.184
719.000    135.182
720.000    135.179
721.000    135.177
722.000    135.174
723.000    135.172
724.000    135.17
725.000    135.168
726.000    135.166
727.000    135.164
728.000    135.162
729.000    135.16
730.000    135.159
731.000    135.157
732.000    135.156
733.000    135.154
734.000    135.154
735.000    135.152
736.000    135.152
737.000    135.151
738.000    135.15
739.000    135.15
740.000    135.15
741.000    135.149
742.000    135.149
743.000    135.149
744.000    135.149
745.000    135.149
746.000    135.148
747.000    135.148
748.000    135.148
749.000    135.148
750.000    135.148
751.000    135.148
752.000    135.148
753.000    135.148
754.000    135.148
755.000    135.148
756.000    135.147
757.000    135.147
758.000    135.147
759.000    135.147
760.000    135.147
761.000    135.147
762.000    135.147
763.000    135.147
764.000    135.147
765.000    135.147
766.000    135.147
767.000    135.147
768.000    135.147
769.000    135.147
770.000    135.147
771.000    135.147
772.000    135.148
773.000    135.148
774.000    135.148
775.000    135.148
776.000    135.148
777.000    135.148
778.000    135.148
779.000    135.148
780.000    135.148
781.000    135.148
782.000    135.148
783.000    135.148
784.000    135.149
785.000    135.149
786.000    135.149
787.000    135.149
788.000    135.149
789.000    135.149
790.000    135.149
791.000    135.149
792.000    135.149
793.000    135.149
794.000    135.149
795.000    135.149
796.000    135.149
797.000    135.149
798.000    135.149
799.000    135.149
800.000    135.149
