0.000      123.138
2.000      123.138
4.000      123.138
6.000      123.138
8.000      123.138
10.000     123.138
12.000     123.138
14.000     123.138
16.000     123.138
18.000     123.138
20.000     123.138
22.000     123.138
24.000     123.138
26.000     123.138
28.000     123.138
30.000     123.137
32.000     123.137
34.000     123.137
36.000     123.136
38.000     123.134
40.000     123.132
42.000     123.129
44.000     123.123
46.000     123.116
48.000     123.104
50.000     123.09
52.000     123.071
54.000     123.047
56.000     123.017
58.000     122.982
60.000     122.94
62.000     122.891
64.000     122.833
66.000     122.766
68.000     122.691
70.000     122.606
72.000     122.511
74.000     122.406
76.000     122.291
78.000     122.166
80.000     122.03
82.000     121.878
84.000     121.708
86.000     121.517
88.000     121.302
90.000     121.063
92.000     120.798
94.000     120.511
96.000     120.204
98.000     119.879
100.000    119.537
102.000    119.181
104.000    118.811
106.000    118.429
108.000    118.035
110.000    117.63
112.000    117.214
114.000    116.788
116.000    116.354
118.000    115.911
120.000    115.462
122.000    115.009
124.000    114.555
126.000    114.103
128.000    113.658
130.000    113.223
132.000    112.801
134.000    112.397
136.000    112.013
138.000    111.652
140.000    111.315
142.000    111.006
144.000    110.722
146.000    110.465
148.000    110.231
150.000    110.021
152.000    109.832
154.000    109.662
156.000    109.509
158.000    109.372
160.000    109.248
162.000    109.138
164.000    109.039
166.000    108.952
168.000    108.874
170.000    108.806
172.000    108.746
174.000    108.694
176.000    108.65
178.000    108.613
180.000    108.583
182.000    108.559
184.000    108.541
186.000    108.528
188.000    108.522
190.000    108.52
192.000    108.525
194.000    108.535
196.000    108.551
198.000    108.573
200.000    108.6
202.000    108.635
204.000    108.676
206.000    108.723
208.000    108.777
210.000    108.837
212.000    108.904
214.000    108.978
216.000    109.059
218.000    109.147
220.000    109.242
222.000    109.342
224.000    109.448
226.000    109.558
228.000    109.669
230.000    109.779
232.000    109.885
234.000    109.983
236.000    110.069
238.000    110.14
240.000    110.192
242.000    110.223
244.000    110.234
246.000    110.231
248.000    110.226
250.000    110.237
252.000    110.281
254.000    110.37
256.000    110.507
258.000    110.684
260.000    110.89
262.000    111.111
264.000    111.335
266.000    111.556
268.000    111.772
270.000    111.985
272.000    112.197
274.000    112.41
276.000    112.625
278.000    112.84
280.000    113.055
282.000    113.265
284.000    113.468
286.000    113.66
288.000    113.838
290.000    114
292.000    114.144
294.000    114.268
296.000    114.372
298.000    114.455
300.000    114.518
302.000    114.562
304.000    114.587
306.000    114.594
308.000    114.587
310.000    114.565
312.000    114.532
314.000    114.49
316.000    114.442
318.000    114.39
320.000    114.337
322.000    114.285
324.000    114.235
326.000    114.187
328.000    114.14
330.000    114.096
332.000    114.053
334.000    114.011
336.000    113.97
338.000    113.93
340.000    113.891
342.000    113.854
344.000    113.818
346.000    113.784
348.000    113.751
350.000    113.721
352.000    113.692
354.000    113.664
356.000    113.637
358.000    113.611
360.000    113.584
362.000    113.558
364.000    113.531
366.000    113.504
368.000    113.478
370.000    113.451
372.000    113.425
374.000    113.4
376.000    113.375
378.000    113.352
380.000    113.33
382.000    113.309
384.000    113.289
386.000    113.27
388.000    113.251
390.000    113.232
392.000    113.214
394.000    113.197
396.000    113.181
398.000    113.165
400.000    113.15
402.000    113.136
404.000    113.122
406.000    113.11
408.000    113.097
410.000    113.086
412.000    113.074
414.000    113.063
416.000    113.053
418.000    113.043
420.000    113.033
422.000    113.024
424.000    113.015
426.000    113.006
428.000    112.998
430.000    112.991
432.000    112.984
434.000    112.977
436.000    112.971
438.000    112.965
440.000    112.96
442.000    112.955
444.000    112.951
446.000    112.947
448.000    112.943
450.000    112.94
452.000    112.937
454.000    112.935
456.000    112.933
458.000    112.931
460.000    112.93
462.000    112.93
464.000    112.93
466.000    112.93
468.000    112.931
470.000    112.932
472.000    112.935
474.000    112.937
476.000    112.94
478.000    112.944
480.000    112.949
482.000    112.955
484.000    112.961
486.000    112.968
488.000    112.976
490.000    112.985
492.000    112.995
494.000    113.006
496.000    113.018
498.000    113.032
500.000    113.047
502.000    113.063
504.000    113.081
506.000    113.101
508.000    113.122
510.000    113.145
512.000    113.171
514.000    113.198
516.000    113.228
518.000    113.26
520.000    113.295
522.000    113.333
524.000    113.374
526.000    113.418
528.000    113.465
530.000    113.517
532.000    113.571
534.000    113.631
536.000    113.694
538.000    113.762
540.000    113.835
542.000    113.913
544.000    113.995
546.000    114.084
548.000    114.178
550.000    114.279
552.000    114.385
554.000    114.498
556.000    114.617
558.000    114.743
560.000    114.875
562.000    115.015
564.000    115.161
566.000    115.314
568.000    115.473
570.000    115.639
572.000    115.811
574.000    115.988
576.000    116.171
578.000    116.359
580.000    116.551
582.000    116.746
584.000    116.944
586.000    117.143
588.000    117.344
590.000    117.544
592.000    117.743
594.000    117.941
596.000    118.136
598.000    118.33
600.000    118.522
602.000    118.711
604.000    118.898
606.000    119.083
608.000    119.267
610.000    119.45
612.000    119.631
614.000    119.811
616.000    119.989
618.000    120.165
620.000    120.337
622.000    120.507
624.000    120.673
626.000    120.833
628.000    120.987
630.000    121.134
632.000    121.273
634.000    121.403
636.000    121.523
638.000    121.634
640.000    121.736
642.000    121.83
644.000    121.917
646.000    121.999
648.000    122.077
650.000    122.154
652.000    122.232
654.000    122.311
656.000    122.393
658.000    122.478
660.000    122.565
662.000    122.652
664.000    122.738
666.000    122.819
668.000    122.896
670.000    122.965
672.000    123.026
674.000    123.079
676.000    123.123
678.000    123.16
680.000    123.19
682.000    123.213
684.000    123.23
686.000    123.24
688.000    123.244
690.000    123.245
692.000    123.242
694.000    123.236
696.000    123.23
698.000    123.223
700.000    123.217
702.000    123.211
704.000    123.204
706.000    123.198
708.000    123.192
710.000    123.187
712.000    123.182
714.000    123.178
716.000    123.176
718.000    123.175
720.000    123.175
722.000    123.174
724.000    123.173
726.000    123.172
728.000    123.17
730.000    123.166
732.000    123.162
734.000    123.158
736.000    123.154
738.000    123.151
740.000    123.149
742.000    123.147
744.000    123.147
746.000    123.147
748.000    123.148
750.000    123.148
752.000    123.149
754.000    123.149
756.000    123.148
758.000    123.147
760.000    123.146
762.000    123.144
764.000    123.142
766.000    123.141
768.000    123.139
770.000    123.138
772.000    123.138
774.000    123.137
776.000    123.137
778.000    123.137
780.000    123.137
782.000    123.137
784.000    123.137
786.000    123.137
788.000    123.137
790.000    123.138
792.000    123.138
794.000    123.138
796.000    123.138
798.000    123.138
800.000    123.138
