0.000      176.258
1.000      176.258
2.000      176.258
3.000      176.258
4.000      176.258
5.000      176.258
6.000      176.258
7.000      176.258
8.000      176.258
9.000      176.258
10.000     176.258
11.000     176.258
12.000     176.258
13.000     176.258
14.000     176.258
15.000     176.258
16.000     176.258
17.000     176.258
18.000     176.258
19.000     176.258
20.000     176.258
21.000     176.258
22.000     176.258
23.000     176.258
24.000     176.258
25.000     176.258
26.000     176.258
27.000     176.258
28.000     176.258
29.000     176.258
30.000     176.258
31.000     176.258
32.000     176.258
33.000     176.258
34.000     176.258
35.000     176.258
36.000     176.258
37.000     176.258
38.000     176.258
39.000     176.258
40.000     176.258
41.000     176.258
42.000     176.258
43.000     176.258
44.000     176.258
45.000     176.259
46.000     176.259
47.000     176.259
48.000     176.259
49.000     176.259
50.000     176.259
51.000     176.259
52.000     176.259
53.000     176.26
54.000     176.26
55.000     176.26
56.000     176.26
57.000     176.261
58.000     176.261
59.000     176.261
60.000     176.262
61.000     176.262
62.000     176.263
63.000     176.263
64.000     176.264
65.000     176.264
66.000     176.265
67.000     176.266
68.000     176.267
69.000     176.268
70.000     176.269
71.000     176.27
72.000     176.272
73.000     176.273
74.000     176.275
75.000     176.277
76.000     176.28
77.000     176.282
78.000     176.285
79.000     176.288
80.000     176.291
81.000     176.294
82.000     176.297
83.000     176.3
84.000     176.303
85.000     176.305
86.000     176.308
87.000     176.31
88.000     176.311
89.000     176.312
90.000     176.312
91.000     176.312
92.000     176.31
93.000     176.308
94.000     176.306
95.000     176.302
96.000     176.298
97.000     176.293
98.000     176.288
99.000     176.283
100.000    176.277
101.000    176.272
102.000    176.266
103.000    176.26
104.000    176.253
105.000    176.247
106.000    176.241
107.000    176.234
108.000    176.228
109.000    176.221
110.000    176.214
111.000    176.207
112.000    176.2
113.000    176.193
114.000    176.186
115.000    176.179
116.000    176.173
117.000    176.166
118.000    176.159
119.000    176.152
120.000    176.146
121.000    176.14
122.000    176.133
123.000    176.128
124.000    176.122
125.000    176.116
126.000    176.111
127.000    176.106
128.000    176.101
129.000    176.096
130.000    176.091
131.000    176.085
132.000    176.08
133.000    176.075
134.000    176.069
135.000    176.063
136.000    176.057
137.000    176.051
138.000    176.044
139.000    176.037
140.000    176.03
141.000    176.022
142.000    176.015
143.000    176.007
144.000    176
145.000    175.992
146.000    175.985
147.000    175.978
148.000    175.971
149.000    175.963
150.000    175.956
151.000    175.948
152.000    175.941
153.000    175.933
154.000    175.926
155.000    175.918
156.000    175.911
157.000    175.903
158.000    175.896
159.000    175.888
160.000    175.88
161.000    175.873
162.000    175.865
163.000    175.858
164.000    175.85
165.000    175.843
166.000    175.836
167.000    175.828
168.000    175.821
169.000    175.813
170.000    175.806
171.000    175.799
172.000    175.791
173.000    175.783
174.000    175.775
175.000    175.767
176.000    175.758
177.000    175.75
178.000    175.742
179.000    175.733
180.000    175.725
181.000    175.717
182.000    175.708
183.000    175.701
184.000    175.692
185.000    175.684
186.000    175.677
187.000    175.669
188.000    175.662
189.000    175.655
190.000    175.649
191.000    175.642
192.000    175.636
193.000    175.63
194.000    175.624
195.000    175.618
196.000    175.611
197.000    175.605
198.000    175.598
199.000    175.59
200.000    175.581
201.000    175.571
202.000    175.56
203.000    175.547
204.000    175.532
205.000    175.515
206.000    175.496
207.000    175.474
208.000    175.448
209.000    175.419
210.000    175.386
211.000    175.349
212.000    175.307
213.000    175.259
214.000    175.206
215.000    175.146
216.000    175.08
217.000    175.006
218.000    174.924
219.000    174.833
220.000    174.732
221.000    174.622
222.000    174.501
223.000    174.368
224.000    174.225
225.000    174.069
226.000    173.901
227.000    173.72
228.000    173.526
229.000    173.319
230.000    173.097
231.000    172.863
232.000    172.614
233.000    172.351
234.000    172.074
235.000    171.782
236.000    171.477
237.000    171.158
238.000    170.825
239.000    170.48
240.000    170.121
241.000    169.75
242.000    169.368
243.000    168.974
244.000    168.57
245.000    168.155
246.000    167.732
247.000    167.3
248.000    166.86
249.000    166.413
250.000    165.959
251.000    165.498
252.000    165.033
253.000    164.562
254.000    164.087
255.000    163.609
256.000    163.127
257.000    162.642
258.000    162.155
259.000    161.666
260.000    161.176
261.000    160.685
262.000    160.194
263.000    159.704
264.000    159.214
265.000    158.726
266.000    158.239
267.000    157.754
268.000    157.271
269.000    156.791
270.000    156.313
271.000    155.838
272.000    155.366
273.000    154.9
274.000    154.439
275.000    153.985
276.000    153.537
277.000    153.096
278.000    152.662
279.000    152.235
280.000    151.813
281.000    151.396
282.000    150.984
283.000    150.576
284.000    150.171
285.000    149.77
286.000    149.373
287.000    148.981
288.000    148.594
289.000    148.212
290.000    147.837
291.000    147.469
292.000    147.109
293.000    146.755
294.000    146.409
295.000    146.071
296.000    145.739
297.000    145.414
298.000    145.094
299.000    144.779
300.000    144.468
301.000    144.163
302.000    143.862
303.000    143.565
304.000    143.273
305.000    142.985
306.000    142.702
307.000    142.424
308.000    142.15
309.000    141.881
310.000    141.617
311.000    141.357
312.000    141.102
313.000    140.852
314.000    140.606
315.000    140.365
316.000    140.128
317.000    139.895
318.000    139.666
319.000    139.442
320.000    139.221
321.000    139.005
322.000    138.792
323.000    138.583
324.000    138.378
325.000    138.176
326.000    137.978
327.000    137.784
328.000    137.593
329.000    137.406
330.000    137.223
331.000    137.042
332.000    136.865
333.000    136.693
334.000    136.523
335.000    136.357
336.000    136.194
337.000    136.035
338.000    135.88
339.000    135.728
340.000    135.578
341.000    135.433
342.000    135.29
343.000    135.15
344.000    135.013
345.000    134.879
346.000    134.748
347.000    134.619
348.000    134.493
349.000    134.369
350.000    134.249
351.000    134.13
352.000    134.014
353.000    133.9
354.000    133.789
355.000    133.679
356.000    133.572
357.000    133.467
358.000    133.364
359.000    133.263
360.000    133.164
361.000    133.067
362.000    132.972
363.000    132.879
364.000    132.788
365.000    132.698
366.000    132.611
367.000    132.524
368.000    132.44
369.000    132.358
370.000    132.277
371.000    132.197
372.000    132.119
373.000    132.043
374.000    131.968
375.000    131.895
376.000    131.823
377.000    131.753
378.000    131.683
379.000    131.616
380.000    131.55
381.000    131.484
382.000    131.421
383.000    131.359
384.000    131.297
385.000    131.237
386.000    131.178
387.000    131.121
388.000    131.064
389.000    131.009
390.000    130.955
391.000    130.902
392.000    130.849
393.000    130.799
394.000    130.748
395.000    130.699
396.000    130.651
397.000    130.604
398.000    130.558
399.000    130.512
400.000    130.468
401.000    130.424
402.000    130.382
403.000    130.34
404.000    130.299
405.000    130.259
406.000    130.22
407.000    130.181
408.000    130.143
409.000    130.106
410.000    130.07
411.000    130.035
412.000    129.999
413.000    129.966
414.000    129.932
415.000    129.899
416.000    129.867
417.000    129.835
418.000    129.805
419.000    129.774
420.000    129.745
421.000    129.716
422.000    129.688
423.000    129.659
424.000    129.632
425.000    129.605
426.000    129.579
427.000    129.553
428.000    129.528
429.000    129.504
430.000    129.48
431.000    129.456
432.000    129.433
433.000    129.41
434.000    129.387
435.000    129.366
436.000    129.344
437.000    129.323
438.000    129.303
439.000    129.283
440.000    129.263
441.000    129.244
442.000    129.225
443.000    129.207
444.000    129.189
445.000    129.171
446.000    129.154
447.000    129.137
448.000    129.12
449.000    129.104
450.000    129.088
451.000    129.072
452.000    129.057
453.000    129.042
454.000    129.028
455.000    129.014
456.000    129
457.000    128.986
458.000    128.973
459.000    128.96
460.000    128.947
461.000    128.934
462.000    128.922
463.000    128.91
464.000    128.899
465.000    128.887
466.000    128.876
467.000    128.865
468.000    128.854
469.000    128.844
470.000    128.834
471.000    128.824
472.000    128.815
473.000    128.805
474.000    128.796
475.000    128.787
476.000    128.779
477.000    128.77
478.000    128.762
479.000    128.754
480.000    128.746
481.000    128.738
482.000    128.731
483.000    128.724
484.000    128.717
485.000    128.711
486.000    128.704
487.000    128.698
488.000    128.692
489.000    128.686
490.000    128.68
491.000    128.675
492.000    128.67
493.000    128.665
494.000    128.66
495.000    128.656
496.000    128.651
497.000    128.647
498.000    128.643
499.000    128.639
500.000    128.636
501.000    128.633
502.000    128.63
503.000    128.627
504.000    128.624
505.000    128.622
506.000    128.62
507.000    128.618
508.000    128.616
509.000    128.615
510.000    128.614
511.000    128.613
512.000    128.612
513.000    128.611
514.000    128.611
515.000    128.611
516.000    128.612
517.000    128.612
518.000    128.613
519.000    128.615
520.000    128.616
521.000    128.618
522.000    128.62
523.000    128.623
524.000    128.625
525.000    128.628
526.000    128.632
527.000    128.636
528.000    128.64
529.000    128.644
530.000    128.649
531.000    128.655
532.000    128.66
533.000    128.667
534.000    128.674
535.000    128.68
536.000    128.688
537.000    128.696
538.000    128.705
539.000    128.714
540.000    128.723
541.000    128.734
542.000    128.744
543.000    128.756
544.000    128.768
545.000    128.781
546.000    128.794
547.000    128.808
548.000    128.823
549.000    128.838
550.000    128.854
551.000    128.871
552.000    128.89
553.000    128.909
554.000    128.928
555.000    128.949
556.000    128.971
557.000    128.993
558.000    129.017
559.000    129.042
560.000    129.068
561.000    129.095
562.000    129.123
563.000    129.153
564.000    129.184
565.000    129.217
566.000    129.251
567.000    129.286
568.000    129.323
569.000    129.362
570.000    129.402
571.000    129.444
572.000    129.488
573.000    129.535
574.000    129.582
575.000    129.633
576.000    129.685
577.000    129.74
578.000    129.797
579.000    129.856
580.000    129.919
581.000    129.983
582.000    130.051
583.000    130.122
584.000    130.195
585.000    130.272
586.000    130.353
587.000    130.436
588.000    130.524
589.000    130.615
590.000    130.711
591.000    130.81
592.000    130.914
593.000    131.023
594.000    131.136
595.000    131.255
596.000    131.378
597.000    131.507
598.000    131.641
599.000    131.782
600.000    131.929
601.000    132.083
602.000    132.243
603.000    132.411
604.000    132.586
605.000    132.769
606.000    132.96
607.000    133.16
608.000    133.369
609.000    133.587
610.000    133.816
611.000    134.054
612.000    134.304
613.000    134.565
614.000    134.838
615.000    135.123
616.000    135.422
617.000    135.733
618.000    136.059
619.000    136.399
620.000    136.754
621.000    137.125
622.000    137.512
623.000    137.915
624.000    138.335
625.000    138.772
626.000    139.227
627.000    139.7
628.000    140.19
629.000    140.699
630.000    141.225
631.000    141.77
632.000    142.331
633.000    142.911
634.000    143.507
635.000    144.12
636.000    144.748
637.000    145.392
638.000    146.05
639.000    146.721
640.000    147.404
641.000    148.099
642.000    148.804
643.000    149.517
644.000    150.237
645.000    150.964
646.000    151.695
647.000    152.429
648.000    153.164
649.000    153.899
650.000    154.632
651.000    155.362
652.000    156.088
653.000    156.808
654.000    157.521
655.000    158.224
656.000    158.919
657.000    159.602
658.000    160.273
659.000    160.93
660.000    161.574
661.000    162.203
662.000    162.816
663.000    163.412
664.000    163.991
665.000    164.552
666.000    165.095
667.000    165.619
668.000    166.125
669.000    166.612
670.000    167.081
671.000    167.532
672.000    167.966
673.000    168.382
674.000    168.783
675.000    169.168
676.000    169.537
677.000    169.891
678.000    170.23
679.000    170.555
680.000    170.865
681.000    171.161
682.000    171.443
683.000    171.712
684.000    171.966
685.000    172.207
686.000    172.436
687.000    172.651
688.000    172.853
689.000    173.045
690.000    173.224
691.000    173.393
692.000    173.551
693.000    173.7
694.000    173.841
695.000    173.973
696.000    174.098
697.000    174.217
698.000    174.329
699.000    174.437
700.000    174.54
701.000    174.638
702.000    174.733
703.000    174.824
704.000    174.913
705.000    174.998
706.000    175.08
707.000    175.159
708.000    175.235
709.000    175.307
710.000    175.376
711.000    175.442
712.000    175.504
713.000    175.562
714.000    175.617
715.000    175.667
716.000    175.715
717.000    175.758
718.000    175.799
719.000    175.836
720.000    175.871
721.000    175.902
722.000    175.931
723.000    175.958
724.000    175.983
725.000    176.006
726.000    176.027
727.000    176.047
728.000    176.066
729.000    176.084
730.000    176.1
731.000    176.116
732.000    176.13
733.000    176.144
734.000    176.157
735.000    176.169
736.000    176.181
737.000    176.19
738.000    176.2
739.000    176.208
740.000    176.215
741.000    176.221
742.000    176.226
743.000    176.231
744.000    176.235
745.000    176.238
746.000    176.24
747.000    176.242
748.000    176.244
749.000    176.246
750.000    176.247
751.000    176.248
752.000    176.249
753.000    176.251
754.000    176.251
755.000    176.253
756.000    176.255
757.000    176.256
758.000    176.258
759.000    176.259
760.000    176.26
761.000    176.262
762.000    176.263
763.000    176.264
764.000    176.265
765.000    176.265
766.000    176.266
767.000    176.266
768.000    176.266
769.000    176.266
770.000    176.266
771.000    176.266
772.000    176.266
773.000    176.266
774.000    176.266
775.000    176.266
776.000    176.265
777.000    176.265
778.000    176.265
779.000    176.265
780.000    176.265
781.000    176.265
782.000    176.265
783.000    176.265
784.000    176.264
785.000    176.264
786.000    176.264
787.000    176.264
788.000    176.264
789.000    176.264
790.000    176.264
791.000    176.263
792.000    176.263
793.000    176.263
794.000    176.262
795.000    176.262
796.000    176.262
797.000    176.261
798.000    176.261
799.000    176.261
800.000    176.26
