0.000      123.113
1.000      123.113
2.000      123.113
3.000      123.113
4.000      123.113
5.000      123.113
6.000      123.113
7.000      123.113
8.000      123.113
9.000      123.113
10.000     123.113
11.000     123.113
12.000     123.113
13.000     123.113
14.000     123.113
15.000     123.113
16.000     123.113
17.000     123.113
18.000     123.113
19.000     123.113
20.000     123.113
21.000     123.113
22.000     123.113
23.000     123.113
24.000     123.113
25.000     123.113
26.000     123.113
27.000     123.113
28.000     123.113
29.000     123.113
30.000     123.112
31.000     123.112
32.000     123.112
33.000     123.111
34.000     123.111
35.000     123.11
36.000     123.109
37.000     123.108
38.000     123.106
39.000     123.105
40.000     123.102
41.000     123.099
42.000     123.096
43.000     123.091
44.000     123.086
45.000     123.081
46.000     123.074
47.000     123.066
48.000     123.056
49.000     123.046
50.000     123.034
51.000     123.021
52.000     123.007
53.000     122.991
54.000     122.973
55.000     122.954
56.000     122.934
57.000     122.911
58.000     122.887
59.000     122.86
60.000     122.832
61.000     122.801
62.000     122.769
63.000     122.734
64.000     122.696
65.000     122.657
66.000     122.614
67.000     122.569
68.000     122.523
69.000     122.472
70.000     122.42
71.000     122.365
72.000     122.308
73.000     122.248
74.000     122.186
75.000     122.121
76.000     122.054
77.000     121.984
78.000     121.91
79.000     121.832
80.000     121.749
81.000     121.662
82.000     121.569
83.000     121.471
84.000     121.367
85.000     121.257
86.000     121.141
87.000     121.018
88.000     120.89
89.000     120.755
90.000     120.615
91.000     120.469
92.000     120.319
93.000     120.164
94.000     120.004
95.000     119.84
96.000     119.672
97.000     119.5
98.000     119.324
99.000     119.146
100.000    118.964
101.000    118.78
102.000    118.593
103.000    118.403
104.000    118.21
105.000    118.014
106.000    117.815
107.000    117.613
108.000    117.408
109.000    117.199
110.000    116.987
111.000    116.771
112.000    116.553
113.000    116.331
114.000    116.107
115.000    115.878
116.000    115.647
117.000    115.414
118.000    115.178
119.000    114.941
120.000    114.702
121.000    114.462
122.000    114.222
123.000    113.982
124.000    113.743
125.000    113.505
126.000    113.268
127.000    113.035
128.000    112.803
129.000    112.576
130.000    112.352
131.000    112.133
132.000    111.918
133.000    111.708
134.000    111.505
135.000    111.308
136.000    111.118
137.000    110.935
138.000    110.76
139.000    110.591
140.000    110.431
141.000    110.278
142.000    110.133
143.000    109.995
144.000    109.865
145.000    109.742
146.000    109.626
147.000    109.516
148.000    109.413
149.000    109.316
150.000    109.225
151.000    109.14
152.000    109.061
153.000    108.987
154.000    108.918
155.000    108.855
156.000    108.796
157.000    108.741
158.000    108.692
159.000    108.646
160.000    108.605
161.000    108.567
162.000    108.534
163.000    108.504
164.000    108.477
165.000    108.454
166.000    108.434
167.000    108.417
168.000    108.402
169.000    108.391
170.000    108.382
171.000    108.376
172.000    108.373
173.000    108.371
174.000    108.372
175.000    108.375
176.000    108.379
177.000    108.386
178.000    108.394
179.000    108.403
180.000    108.414
181.000    108.427
182.000    108.441
183.000    108.456
184.000    108.472
185.000    108.49
186.000    108.508
187.000    108.528
188.000    108.548
189.000    108.571
190.000    108.594
191.000    108.619
192.000    108.646
193.000    108.674
194.000    108.704
195.000    108.735
196.000    108.769
197.000    108.804
198.000    108.842
199.000    108.882
200.000    108.924
201.000    108.968
202.000    109.015
203.000    109.063
204.000    109.114
205.000    109.168
206.000    109.223
207.000    109.28
208.000    109.34
209.000    109.402
210.000    109.466
211.000    109.532
212.000    109.601
213.000    109.671
214.000    109.744
215.000    109.819
216.000    109.896
217.000    109.975
218.000    110.057
219.000    110.141
220.000    110.226
221.000    110.314
222.000    110.405
223.000    110.498
224.000    110.592
225.000    110.689
226.000    110.787
227.000    110.887
228.000    110.989
229.000    111.091
230.000    111.196
231.000    111.3
232.000    111.406
233.000    111.512
234.000    111.618
235.000    111.725
236.000    111.831
237.000    111.936
238.000    112.041
239.000    112.145
240.000    112.248
241.000    112.35
242.000    112.45
243.000    112.549
244.000    112.646
245.000    112.74
246.000    112.833
247.000    112.923
248.000    113.009
249.000    113.093
250.000    113.173
251.000    113.248
252.000    113.317
253.000    113.381
254.000    113.438
255.000    113.486
256.000    113.525
257.000    113.552
258.000    113.568
259.000    113.569
260.000    113.556
261.000    113.529
262.000    113.487
263.000    113.436
264.000    113.38
265.000    113.326
266.000    113.282
267.000    113.258
268.000    113.259
269.000    113.29
270.000    113.353
271.000    113.445
272.000    113.562
273.000    113.697
274.000    113.844
275.000    113.995
276.000    114.145
277.000    114.289
278.000    114.423
279.000    114.546
280.000    114.657
281.000    114.755
282.000    114.843
283.000    114.92
284.000    114.99
285.000    115.052
286.000    115.108
287.000    115.159
288.000    115.206
289.000    115.249
290.000    115.288
291.000    115.323
292.000    115.355
293.000    115.382
294.000    115.404
295.000    115.422
296.000    115.433
297.000    115.439
298.000    115.438
299.000    115.432
300.000    115.419
301.000    115.401
302.000    115.378
303.000    115.35
304.000    115.318
305.000    115.281
306.000    115.241
307.000    115.198
308.000    115.151
309.000    115.102
310.000    115.05
311.000    114.996
312.000    114.939
313.000    114.881
314.000    114.821
315.000    114.76
316.000    114.698
317.000    114.635
318.000    114.572
319.000    114.509
320.000    114.446
321.000    114.384
322.000    114.323
323.000    114.264
324.000    114.205
325.000    114.148
326.000    114.091
327.000    114.036
328.000    113.982
329.000    113.929
330.000    113.877
331.000    113.826
332.000    113.775
333.000    113.725
334.000    113.676
335.000    113.627
336.000    113.579
337.000    113.532
338.000    113.486
339.000    113.441
340.000    113.397
341.000    113.353
342.000    113.311
343.000    113.27
344.000    113.229
345.000    113.19
346.000    113.152
347.000    113.115
348.000    113.078
349.000    113.043
350.000    113.008
351.000    112.975
352.000    112.941
353.000    112.909
354.000    112.878
355.000    112.846
356.000    112.816
357.000    112.785
358.000    112.755
359.000    112.725
360.000    112.695
361.000    112.665
362.000    112.635
363.000    112.606
364.000    112.576
365.000    112.547
366.000    112.517
367.000    112.488
368.000    112.459
369.000    112.431
370.000    112.403
371.000    112.375
372.000    112.348
373.000    112.32
374.000    112.294
375.000    112.268
376.000    112.243
377.000    112.218
378.000    112.193
379.000    112.169
380.000    112.145
381.000    112.122
382.000    112.099
383.000    112.076
384.000    112.054
385.000    112.032
386.000    112.011
387.000    111.989
388.000    111.969
389.000    111.948
390.000    111.928
391.000    111.908
392.000    111.889
393.000    111.87
394.000    111.851
395.000    111.833
396.000    111.814
397.000    111.797
398.000    111.779
399.000    111.763
400.000    111.746
401.000    111.73
402.000    111.714
403.000    111.698
404.000    111.683
405.000    111.668
406.000    111.654
407.000    111.64
408.000    111.626
409.000    111.612
410.000    111.599
411.000    111.586
412.000    111.573
413.000    111.56
414.000    111.549
415.000    111.536
416.000    111.525
417.000    111.513
418.000    111.502
419.000    111.491
420.000    111.48
421.000    111.469
422.000    111.459
423.000    111.449
424.000    111.439
425.000    111.429
426.000    111.419
427.000    111.41
428.000    111.4
429.000    111.391
430.000    111.382
431.000    111.374
432.000    111.365
433.000    111.357
434.000    111.348
435.000    111.341
436.000    111.333
437.000    111.325
438.000    111.318
439.000    111.31
440.000    111.303
441.000    111.296
442.000    111.29
443.000    111.283
444.000    111.277
445.000    111.271
446.000    111.265
447.000    111.259
448.000    111.253
449.000    111.247
450.000    111.242
451.000    111.236
452.000    111.231
453.000    111.226
454.000    111.221
455.000    111.216
456.000    111.212
457.000    111.207
458.000    111.203
459.000    111.199
460.000    111.195
461.000    111.191
462.000    111.187
463.000    111.183
464.000    111.18
465.000    111.176
466.000    111.173
467.000    111.17
468.000    111.166
469.000    111.164
470.000    111.161
471.000    111.158
472.000    111.156
473.000    111.153
474.000    111.151
475.000    111.149
476.000    111.147
477.000    111.145
478.000    111.143
479.000    111.142
480.000    111.14
481.000    111.139
482.000    111.138
483.000    111.137
484.000    111.136
485.000    111.135
486.000    111.134
487.000    111.134
488.000    111.134
489.000    111.134
490.000    111.134
491.000    111.134
492.000    111.134
493.000    111.135
494.000    111.136
495.000    111.137
496.000    111.137
497.000    111.139
498.000    111.14
499.000    111.142
500.000    111.144
501.000    111.146
502.000    111.148
503.000    111.151
504.000    111.153
505.000    111.156
506.000    111.159
507.000    111.163
508.000    111.166
509.000    111.17
510.000    111.175
511.000    111.179
512.000    111.184
513.000    111.189
514.000    111.194
515.000    111.2
516.000    111.206
517.000    111.213
518.000    111.219
519.000    111.227
520.000    111.234
521.000    111.242
522.000    111.25
523.000    111.259
524.000    111.268
525.000    111.277
526.000    111.288
527.000    111.298
528.000    111.309
529.000    111.321
530.000    111.333
531.000    111.345
532.000    111.359
533.000    111.373
534.000    111.387
535.000    111.402
536.000    111.418
537.000    111.435
538.000    111.452
539.000    111.47
540.000    111.489
541.000    111.509
542.000    111.529
543.000    111.551
544.000    111.573
545.000    111.596
546.000    111.62
547.000    111.645
548.000    111.672
549.000    111.699
550.000    111.728
551.000    111.757
552.000    111.788
553.000    111.82
554.000    111.854
555.000    111.888
556.000    111.924
557.000    111.961
558.000    112.001
559.000    112.041
560.000    112.083
561.000    112.126
562.000    112.171
563.000    112.218
564.000    112.266
565.000    112.317
566.000    112.369
567.000    112.422
568.000    112.478
569.000    112.536
570.000    112.595
571.000    112.656
572.000    112.719
573.000    112.784
574.000    112.851
575.000    112.921
576.000    112.991
577.000    113.064
578.000    113.14
579.000    113.216
580.000    113.295
581.000    113.376
582.000    113.458
583.000    113.543
584.000    113.629
585.000    113.717
586.000    113.807
587.000    113.898
588.000    113.991
589.000    114.086
590.000    114.183
591.000    114.281
592.000    114.38
593.000    114.481
594.000    114.584
595.000    114.689
596.000    114.795
597.000    114.902
598.000    115.011
599.000    115.122
600.000    115.234
601.000    115.348
602.000    115.463
603.000    115.58
604.000    115.698
605.000    115.818
606.000    115.939
607.000    116.061
608.000    116.185
609.000    116.31
610.000    116.436
611.000    116.562
612.000    116.689
613.000    116.817
614.000    116.945
615.000    117.074
616.000    117.203
617.000    117.331
618.000    117.459
619.000    117.587
620.000    117.714
621.000    117.84
622.000    117.965
623.000    118.089
624.000    118.212
625.000    118.332
626.000    118.452
627.000    118.569
628.000    118.684
629.000    118.796
630.000    118.906
631.000    119.013
632.000    119.118
633.000    119.219
634.000    119.317
635.000    119.412
636.000    119.504
637.000    119.592
638.000    119.676
639.000    119.757
640.000    119.835
641.000    119.909
642.000    119.979
643.000    120.048
644.000    120.113
645.000    120.175
646.000    120.236
647.000    120.295
648.000    120.353
649.000    120.409
650.000    120.466
651.000    120.523
652.000    120.58
653.000    120.638
654.000    120.697
655.000    120.758
656.000    120.82
657.000    120.884
658.000    120.95
659.000    121.017
660.000    121.086
661.000    121.157
662.000    121.229
663.000    121.301
664.000    121.374
665.000    121.446
666.000    121.518
667.000    121.59
668.000    121.66
669.000    121.729
670.000    121.795
671.000    121.86
672.000    121.923
673.000    121.984
674.000    122.043
675.000    122.1
676.000    122.155
677.000    122.208
678.000    122.259
679.000    122.309
680.000    122.357
681.000    122.404
682.000    122.449
683.000    122.493
684.000    122.535
685.000    122.577
686.000    122.617
687.000    122.655
688.000    122.692
689.000    122.728
690.000    122.762
691.000    122.794
692.000    122.825
693.000    122.854
694.000    122.882
695.000    122.907
696.000    122.931
697.000    122.952
698.000    122.971
699.000    122.989
700.000    123.004
701.000    123.017
702.000    123.028
703.000    123.037
704.000    123.044
705.000    123.05
706.000    123.054
707.000    123.057
708.000    123.059
709.000    123.061
710.000    123.062
711.000    123.063
712.000    123.064
713.000    123.065
714.000    123.067
715.000    123.07
716.000    123.073
717.000    123.077
718.000    123.081
719.000    123.086
720.000    123.091
721.000    123.097
722.000    123.103
723.000    123.109
724.000    123.115
725.000    123.121
726.000    123.127
727.000    123.132
728.000    123.137
729.000    123.142
730.000    123.145
731.000    123.149
732.000    123.152
733.000    123.154
734.000    123.155
735.000    123.156
736.000    123.156
737.000    123.156
738.000    123.154
739.000    123.153
740.000    123.15
741.000    123.148
742.000    123.145
743.000    123.141
744.000    123.137
745.000    123.133
746.000    123.129
747.000    123.126
748.000    123.122
749.000    123.119
750.000    123.115
751.000    123.112
752.000    123.11
753.000    123.107
754.000    123.106
755.000    123.104
756.000    123.103
757.000    123.102
758.000    123.101
759.000    123.101
760.000    123.101
761.000    123.101
762.000    123.101
763.000    123.102
764.000    123.103
765.000    123.104
766.000    123.105
767.000    123.106
768.000    123.107
769.000    123.108
770.000    123.109
771.000    123.11
772.000    123.111
773.000    123.112
774.000    123.113
775.000    123.114
776.000    123.114
777.000    123.115
778.000    123.116
779.000    123.116
780.000    123.117
781.000    123.117
782.000    123.118
783.000    123.118
784.000    123.118
785.000    123.119
786.000    123.119
787.000    123.119
788.000    123.119
789.000    123.119
790.000    123.119
791.000    123.119
792.000    123.119
793.000    123.119
794.000    123.118
795.000    123.119
796.000    123.118
797.000    123.118
798.000    123.118
799.000    123.118
800.000    123.118
