0.000      123.138
1.000      123.138
2.000      123.138
3.000      123.138
4.000      123.138
5.000      123.138
6.000      123.138
7.000      123.138
8.000      123.138
9.000      123.138
10.000     123.138
11.000     123.138
12.000     123.138
13.000     123.138
14.000     123.138
15.000     123.138
16.000     123.138
17.000     123.138
18.000     123.138
19.000     123.138
20.000     123.138
21.000     123.138
22.000     123.138
23.000     123.138
24.000     123.138
25.000     123.138
26.000     123.138
27.000     123.138
28.000     123.137
29.000     123.137
30.000     123.137
31.000     123.137
32.000     123.137
33.000     123.137
34.000     123.136
35.000     123.136
36.000     123.135
37.000     123.134
38.000     123.133
39.000     123.132
40.000     123.13
41.000     123.128
42.000     123.126
43.000     123.123
44.000     123.119
45.000     123.114
46.000     123.109
47.000     123.103
48.000     123.096
49.000     123.087
50.000     123.078
51.000     123.068
52.000     123.056
53.000     123.043
54.000     123.028
55.000     123.012
56.000     122.995
57.000     122.976
58.000     122.955
59.000     122.932
60.000     122.908
61.000     122.881
62.000     122.853
63.000     122.822
64.000     122.789
65.000     122.754
66.000     122.717
67.000     122.677
68.000     122.634
69.000     122.589
70.000     122.542
71.000     122.492
72.000     122.44
73.000     122.385
74.000     122.328
75.000     122.268
76.000     122.207
77.000     122.142
78.000     122.074
79.000     122.003
80.000     121.928
81.000     121.848
82.000     121.764
83.000     121.675
84.000     121.58
85.000     121.479
86.000     121.372
87.000     121.259
88.000     121.14
89.000     121.014
90.000     120.882
91.000     120.745
92.000     120.602
93.000     120.454
94.000     120.301
95.000     120.143
96.000     119.98
97.000     119.813
98.000     119.643
99.000     119.468
100.000    119.289
101.000    119.107
102.000    118.921
103.000    118.732
104.000    118.54
105.000    118.345
106.000    118.147
107.000    117.946
108.000    117.743
109.000    117.536
110.000    117.328
111.000    117.117
112.000    116.904
113.000    116.689
114.000    116.472
115.000    116.252
116.000    116.031
117.000    115.807
118.000    115.582
119.000    115.356
120.000    115.129
121.000    114.901
122.000    114.673
123.000    114.445
124.000    114.219
125.000    113.993
126.000    113.77
127.000    113.548
128.000    113.33
129.000    113.114
130.000    112.902
131.000    112.694
132.000    112.491
133.000    112.292
134.000    112.099
135.000    111.911
136.000    111.729
137.000    111.554
138.000    111.385
139.000    111.223
140.000    111.067
141.000    110.918
142.000    110.776
143.000    110.641
144.000    110.511
145.000    110.388
146.000    110.271
147.000    110.16
148.000    110.055
149.000    109.955
150.000    109.86
151.000    109.771
152.000    109.686
153.000    109.605
154.000    109.529
155.000    109.457
156.000    109.389
157.000    109.325
158.000    109.264
159.000    109.206
160.000    109.151
161.000    109.1
162.000    109.051
163.000    109.005
164.000    108.962
165.000    108.922
166.000    108.884
167.000    108.848
168.000    108.815
169.000    108.784
170.000    108.755
171.000    108.728
172.000    108.704
173.000    108.681
174.000    108.66
175.000    108.641
176.000    108.624
177.000    108.608
178.000    108.594
179.000    108.581
180.000    108.57
181.000    108.561
182.000    108.553
183.000    108.547
184.000    108.542
185.000    108.538
186.000    108.537
187.000    108.536
188.000    108.537
189.000    108.54
190.000    108.544
191.000    108.549
192.000    108.556
193.000    108.564
194.000    108.574
195.000    108.586
196.000    108.599
197.000    108.614
198.000    108.63
199.000    108.648
200.000    108.668
201.000    108.689
202.000    108.712
203.000    108.737
204.000    108.764
205.000    108.792
206.000    108.822
207.000    108.854
208.000    108.887
209.000    108.922
210.000    108.959
211.000    108.998
212.000    109.038
213.000    109.08
214.000    109.124
215.000    109.17
216.000    109.218
217.000    109.267
218.000    109.319
219.000    109.372
220.000    109.427
221.000    109.482
222.000    109.54
223.000    109.598
224.000    109.657
225.000    109.717
226.000    109.776
227.000    109.836
228.000    109.895
229.000    109.952
230.000    110.009
231.000    110.063
232.000    110.115
233.000    110.165
234.000    110.211
235.000    110.253
236.000    110.291
237.000    110.324
238.000    110.352
239.000    110.375
240.000    110.392
241.000    110.403
242.000    110.41
243.000    110.411
244.000    110.409
245.000    110.406
246.000    110.403
247.000    110.403
248.000    110.41
249.000    110.424
250.000    110.45
251.000    110.488
252.000    110.539
253.000    110.604
254.000    110.682
255.000    110.77
256.000    110.868
257.000    110.972
258.000    111.082
259.000    111.194
260.000    111.307
261.000    111.419
262.000    111.53
263.000    111.64
264.000    111.747
265.000    111.854
266.000    111.959
267.000    112.063
268.000    112.167
269.000    112.271
270.000    112.376
271.000    112.481
272.000    112.587
273.000    112.694
274.000    112.801
275.000    112.909
276.000    113.016
277.000    113.123
278.000    113.228
279.000    113.332
280.000    113.433
281.000    113.532
282.000    113.628
283.000    113.72
284.000    113.809
285.000    113.894
286.000    113.976
287.000    114.053
288.000    114.125
289.000    114.193
290.000    114.256
291.000    114.313
292.000    114.367
293.000    114.414
294.000    114.458
295.000    114.495
296.000    114.528
297.000    114.556
298.000    114.58
299.000    114.598
300.000    114.612
301.000    114.622
302.000    114.627
303.000    114.628
304.000    114.625
305.000    114.619
306.000    114.608
307.000    114.595
308.000    114.578
309.000    114.559
310.000    114.537
311.000    114.514
312.000    114.489
313.000    114.463
314.000    114.436
315.000    114.409
316.000    114.382
317.000    114.355
318.000    114.328
319.000    114.302
320.000    114.276
321.000    114.25
322.000    114.225
323.000    114.201
324.000    114.177
325.000    114.153
326.000    114.13
327.000    114.107
328.000    114.085
329.000    114.063
330.000    114.042
331.000    114.021
332.000    114
333.000    113.979
334.000    113.958
335.000    113.938
336.000    113.918
337.000    113.898
338.000    113.879
339.000    113.86
340.000    113.842
341.000    113.824
342.000    113.806
343.000    113.789
344.000    113.773
345.000    113.757
346.000    113.741
347.000    113.726
348.000    113.712
349.000    113.698
350.000    113.683
351.000    113.67
352.000    113.656
353.000    113.643
354.000    113.629
355.000    113.616
356.000    113.602
357.000    113.588
358.000    113.575
359.000    113.561
360.000    113.547
361.000    113.533
362.000    113.519
363.000    113.505
364.000    113.491
365.000    113.478
366.000    113.464
367.000    113.451
368.000    113.438
369.000    113.425
370.000    113.412
371.000    113.4
372.000    113.388
373.000    113.376
374.000    113.364
375.000    113.353
376.000    113.342
377.000    113.331
378.000    113.32
379.000    113.31
380.000    113.3
381.000    113.289
382.000    113.279
383.000    113.27
384.000    113.26
385.000    113.25
386.000    113.241
387.000    113.232
388.000    113.223
389.000    113.214
390.000    113.205
391.000    113.197
392.000    113.188
393.000    113.18
394.000    113.172
395.000    113.165
396.000    113.157
397.000    113.15
398.000    113.143
399.000    113.136
400.000    113.129
401.000    113.122
402.000    113.116
403.000    113.109
404.000    113.103
405.000    113.097
406.000    113.091
407.000    113.085
408.000    113.079
409.000    113.073
410.000    113.068
411.000    113.063
412.000    113.057
413.000    113.052
414.000    113.046
415.000    113.042
416.000    113.037
417.000    113.032
418.000    113.027
419.000    113.022
420.000    113.018
421.000    113.014
422.000    113.009
423.000    113.005
424.000    113.001
425.000    112.997
426.000    112.994
427.000    112.99
428.000    112.986
429.000    112.983
430.000    112.979
431.000    112.976
432.000    112.973
433.000    112.97
434.000    112.968
435.000    112.965
436.000    112.962
437.000    112.96
438.000    112.957
439.000    112.955
440.000    112.953
441.000    112.951
442.000    112.949
443.000    112.947
444.000    112.945
445.000    112.943
446.000    112.942
447.000    112.94
448.000    112.939
449.000    112.937
450.000    112.936
451.000    112.935
452.000    112.934
453.000    112.933
454.000    112.932
455.000    112.932
456.000    112.931
457.000    112.931
458.000    112.931
459.000    112.931
460.000    112.931
461.000    112.931
462.000    112.931
463.000    112.932
464.000    112.932
465.000    112.933
466.000    112.934
467.000    112.935
468.000    112.936
469.000    112.937
470.000    112.938
471.000    112.94
472.000    112.942
473.000    112.944
474.000    112.946
475.000    112.948
476.000    112.951
477.000    112.954
478.000    112.956
479.000    112.959
480.000    112.963
481.000    112.966
482.000    112.97
483.000    112.974
484.000    112.978
485.000    112.983
486.000    112.988
487.000    112.993
488.000    112.998
489.000    113.003
490.000    113.01
491.000    113.016
492.000    113.022
493.000    113.029
494.000    113.036
495.000    113.044
496.000    113.052
497.000    113.06
498.000    113.068
499.000    113.078
500.000    113.087
501.000    113.097
502.000    113.107
503.000    113.118
504.000    113.13
505.000    113.141
506.000    113.154
507.000    113.166
508.000    113.18
509.000    113.194
510.000    113.208
511.000    113.223
512.000    113.239
513.000    113.256
514.000    113.272
515.000    113.29
516.000    113.309
517.000    113.328
518.000    113.348
519.000    113.369
520.000    113.39
521.000    113.413
522.000    113.436
523.000    113.46
524.000    113.486
525.000    113.512
526.000    113.539
527.000    113.567
528.000    113.596
529.000    113.626
530.000    113.657
531.000    113.69
532.000    113.723
533.000    113.758
534.000    113.794
535.000    113.831
536.000    113.869
537.000    113.909
538.000    113.95
539.000    113.993
540.000    114.037
541.000    114.082
542.000    114.129
543.000    114.177
544.000    114.227
545.000    114.278
546.000    114.331
547.000    114.385
548.000    114.441
549.000    114.499
550.000    114.558
551.000    114.619
552.000    114.682
553.000    114.746
554.000    114.812
555.000    114.88
556.000    114.949
557.000    115.02
558.000    115.093
559.000    115.168
560.000    115.244
561.000    115.322
562.000    115.402
563.000    115.483
564.000    115.566
565.000    115.65
566.000    115.736
567.000    115.824
568.000    115.913
569.000    116.003
570.000    116.094
571.000    116.187
572.000    116.282
573.000    116.377
574.000    116.473
575.000    116.57
576.000    116.668
577.000    116.766
578.000    116.865
579.000    116.965
580.000    117.065
581.000    117.165
582.000    117.265
583.000    117.366
584.000    117.466
585.000    117.566
586.000    117.666
587.000    117.765
588.000    117.864
589.000    117.963
590.000    118.061
591.000    118.159
592.000    118.256
593.000    118.352
594.000    118.448
595.000    118.544
596.000    118.639
597.000    118.733
598.000    118.827
599.000    118.921
600.000    119.014
601.000    119.107
602.000    119.199
603.000    119.291
604.000    119.383
605.000    119.475
606.000    119.566
607.000    119.657
608.000    119.747
609.000    119.837
610.000    119.927
611.000    120.016
612.000    120.105
613.000    120.193
614.000    120.28
615.000    120.367
616.000    120.452
617.000    120.537
618.000    120.62
619.000    120.702
620.000    120.783
621.000    120.863
622.000    120.94
623.000    121.017
624.000    121.091
625.000    121.162
626.000    121.232
627.000    121.3
628.000    121.365
629.000    121.428
630.000    121.488
631.000    121.546
632.000    121.601
633.000    121.654
634.000    121.705
635.000    121.754
636.000    121.8
637.000    121.845
638.000    121.888
639.000    121.929
640.000    121.97
641.000    122.009
642.000    122.048
643.000    122.087
644.000    122.125
645.000    122.164
646.000    122.203
647.000    122.242
648.000    122.283
649.000    122.324
650.000    122.366
651.000    122.409
652.000    122.453
653.000    122.497
654.000    122.542
655.000    122.586
656.000    122.631
657.000    122.674
658.000    122.717
659.000    122.759
660.000    122.799
661.000    122.838
662.000    122.876
663.000    122.912
664.000    122.946
665.000    122.978
666.000    123.008
667.000    123.037
668.000    123.064
669.000    123.089
670.000    123.113
671.000    123.135
672.000    123.154
673.000    123.172
674.000    123.188
675.000    123.202
676.000    123.213
677.000    123.222
678.000    123.23
679.000    123.236
680.000    123.24
681.000    123.242
682.000    123.243
683.000    123.243
684.000    123.242
685.000    123.241
686.000    123.239
687.000    123.237
688.000    123.234
689.000    123.232
690.000    123.229
691.000    123.227
692.000    123.224
693.000    123.221
694.000    123.218
695.000    123.215
696.000    123.211
697.000    123.208
698.000    123.205
699.000    123.201
700.000    123.198
701.000    123.195
702.000    123.192
703.000    123.189
704.000    123.187
705.000    123.185
706.000    123.183
707.000    123.182
708.000    123.181
709.000    123.18
710.000    123.179
711.000    123.179
712.000    123.179
713.000    123.179
714.000    123.179
715.000    123.178
716.000    123.178
717.000    123.177
718.000    123.176
719.000    123.175
720.000    123.173
721.000    123.171
722.000    123.169
723.000    123.167
724.000    123.165
725.000    123.162
726.000    123.16
727.000    123.158
728.000    123.156
729.000    123.154
730.000    123.152
731.000    123.151
732.000    123.15
733.000    123.15
734.000    123.149
735.000    123.149
736.000    123.149
737.000    123.149
738.000    123.149
739.000    123.15
740.000    123.15
741.000    123.15
742.000    123.15
743.000    123.15
744.000    123.15
745.000    123.15
746.000    123.15
747.000    123.15
748.000    123.149
749.000    123.149
750.000    123.148
751.000    123.147
752.000    123.146
753.000    123.145
754.000    123.145
755.000    123.144
756.000    123.143
757.000    123.142
758.000    123.142
759.000    123.141
760.000    123.14
761.000    123.14
762.000    123.139
763.000    123.139
764.000    123.139
765.000    123.138
766.000    123.138
767.000    123.138
768.000    123.138
769.000    123.138
770.000    123.137
771.000    123.137
772.000    123.137
773.000    123.137
774.000    123.137
775.000    123.137
776.000    123.137
777.000    123.137
778.000    123.137
779.000    123.137
780.000    123.137
781.000    123.137
782.000    123.138
783.000    123.138
784.000    123.138
785.000    123.138
786.000    123.138
787.000    123.138
788.000    123.138
789.000    123.138
790.000    123.138
791.000    123.138
792.000    123.138
793.000    123.138
794.000    123.137
795.000    123.137
796.000    123.138
797.000    123.137
798.000    123.137
799.000    123.137
800.000    123.137
