0.000      141.151
2.000      141.151
4.000      141.151
6.000      141.151
8.000      141.151
10.000     141.151
12.000     141.151
14.000     141.151
16.000     141.151
18.000     141.151
20.000     141.151
22.000     141.151
24.000     141.151
26.000     141.151
28.000     141.151
30.000     141.151
32.000     141.151
34.000     141.151
36.000     141.151
38.000     141.151
40.000     141.151
42.000     141.151
44.000     141.151
46.000     141.151
48.000     141.151
50.000     141.151
52.000     141.15
54.000     141.15
56.000     141.149
58.000     141.148
60.000     141.147
62.000     141.146
64.000     141.145
66.000     141.144
68.000     141.144
70.000     141.145
72.000     141.147
74.000     141.152
76.000     141.158
78.000     141.166
80.000     141.177
82.000     141.19
84.000     141.204
86.000     141.221
88.000     141.24
90.000     141.259
92.000     141.28
94.000     141.3
96.000     141.321
98.000     141.341
100.000    141.36
102.000    141.377
104.000    141.394
106.000    141.407
108.000    141.419
110.000    141.427
112.000    141.433
114.000    141.438
116.000    141.439
118.000    141.439
120.000    141.436
122.000    141.431
124.000    141.424
126.000    141.414
128.000    141.401
130.000    141.386
132.000    141.367
134.000    141.346
136.000    141.321
138.000    141.294
140.000    141.266
142.000    141.236
144.000    141.205
146.000    141.174
148.000    141.145
150.000    141.117
152.000    141.09
154.000    141.064
156.000    141.04
158.000    141.017
160.000    140.994
162.000    140.971
164.000    140.949
166.000    140.926
168.000    140.903
170.000    140.88
172.000    140.856
174.000    140.833
176.000    140.81
178.000    140.787
180.000    140.765
182.000    140.743
184.000    140.721
186.000    140.698
188.000    140.671
190.000    140.638
192.000    140.597
194.000    140.542
196.000    140.47
198.000    140.377
200.000    140.257
202.000    140.106
204.000    139.919
206.000    139.694
208.000    139.426
210.000    139.112
212.000    138.751
214.000    138.341
216.000    137.882
218.000    137.377
220.000    136.828
222.000    136.243
224.000    135.628
226.000    134.991
228.000    134.337
230.000    133.675
232.000    133.008
234.000    132.341
236.000    131.677
238.000    131.019
240.000    130.369
242.000    129.728
244.000    129.096
246.000    128.475
248.000    127.863
250.000    127.26
252.000    126.664
254.000    126.077
256.000    125.496
258.000    124.922
260.000    124.356
262.000    123.798
264.000    123.248
266.000    122.709
268.000    122.181
270.000    121.667
272.000    121.167
274.000    120.683
276.000    120.216
278.000    119.767
280.000    119.335
282.000    118.923
284.000    118.529
286.000    118.153
288.000    117.794
290.000    117.452
292.000    117.126
294.000    116.814
296.000    116.515
298.000    116.23
300.000    115.957
302.000    115.695
304.000    115.444
306.000    115.204
308.000    114.974
310.000    114.753
312.000    114.542
314.000    114.34
316.000    114.147
318.000    113.963
320.000    113.787
322.000    113.621
324.000    113.464
326.000    113.316
328.000    113.178
330.000    113.047
332.000    112.925
334.000    112.811
336.000    112.703
338.000    112.601
340.000    112.503
342.000    112.409
344.000    112.318
346.000    112.229
348.000    112.142
350.000    112.057
352.000    111.974
354.000    111.894
356.000    111.815
358.000    111.74
360.000    111.666
362.000    111.596
364.000    111.527
366.000    111.461
368.000    111.396
370.000    111.334
372.000    111.273
374.000    111.214
376.000    111.158
378.000    111.104
380.000    111.051
382.000    111
384.000    110.952
386.000    110.904
388.000    110.859
390.000    110.815
392.000    110.772
394.000    110.731
396.000    110.691
398.000    110.652
400.000    110.615
402.000    110.579
404.000    110.544
406.000    110.511
408.000    110.479
410.000    110.448
412.000    110.419
414.000    110.39
416.000    110.363
418.000    110.336
420.000    110.311
422.000    110.286
424.000    110.263
426.000    110.24
428.000    110.219
430.000    110.198
432.000    110.177
434.000    110.158
436.000    110.14
438.000    110.122
440.000    110.106
442.000    110.089
444.000    110.073
446.000    110.059
448.000    110.045
450.000    110.031
452.000    110.018
454.000    110.006
456.000    109.995
458.000    109.983
460.000    109.973
462.000    109.963
464.000    109.954
466.000    109.945
468.000    109.937
470.000    109.929
472.000    109.923
474.000    109.916
476.000    109.91
478.000    109.905
480.000    109.9
482.000    109.896
484.000    109.893
486.000    109.89
488.000    109.888
490.000    109.886
492.000    109.885
494.000    109.885
496.000    109.886
498.000    109.887
500.000    109.889
502.000    109.892
504.000    109.896
506.000    109.9
508.000    109.906
510.000    109.913
512.000    109.921
514.000    109.93
516.000    109.94
518.000    109.952
520.000    109.965
522.000    109.98
524.000    109.996
526.000    110.015
528.000    110.035
530.000    110.057
532.000    110.082
534.000    110.108
536.000    110.138
538.000    110.17
540.000    110.205
542.000    110.244
544.000    110.286
546.000    110.332
548.000    110.382
550.000    110.437
552.000    110.496
554.000    110.561
556.000    110.631
558.000    110.708
560.000    110.791
562.000    110.882
564.000    110.98
566.000    111.086
568.000    111.203
570.000    111.328
572.000    111.465
574.000    111.613
576.000    111.774
578.000    111.95
580.000    112.14
582.000    112.346
584.000    112.57
586.000    112.813
588.000    113.077
590.000    113.364
592.000    113.675
594.000    114.013
596.000    114.38
598.000    114.778
600.000    115.209
602.000    115.677
604.000    116.184
606.000    116.732
608.000    117.324
610.000    117.963
612.000    118.647
614.000    119.381
616.000    120.16
618.000    120.984
620.000    121.849
622.000    122.747
624.000    123.67
626.000    124.609
628.000    125.55
630.000    126.481
632.000    127.391
634.000    128.266
636.000    129.097
638.000    129.876
640.000    130.596
642.000    131.254
644.000    131.852
646.000    132.394
648.000    132.888
650.000    133.345
652.000    133.776
654.000    134.194
656.000    134.614
658.000    135.046
660.000    135.499
662.000    135.979
664.000    136.483
666.000    137.007
668.000    137.54
670.000    138.069
672.000    138.579
674.000    139.058
676.000    139.496
678.000    139.882
680.000    140.212
682.000    140.482
684.000    140.695
686.000    140.853
688.000    140.961
690.000    141.026
692.000    141.057
694.000    141.062
696.000    141.051
698.000    141.029
700.000    141.005
702.000    140.981
704.000    140.963
706.000    140.952
708.000    140.947
710.000    140.949
712.000    140.956
714.000    140.968
716.000    140.983
718.000    141
720.000    141.017
722.000    141.033
724.000    141.047
726.000    141.06
728.000    141.071
730.000    141.08
732.000    141.087
734.000    141.094
736.000    141.1
738.000    141.106
740.000    141.112
742.000    141.118
744.000    141.124
746.000    141.131
748.000    141.137
750.000    141.144
752.000    141.151
754.000    141.157
756.000    141.162
758.000    141.167
760.000    141.171
762.000    141.173
764.000    141.175
766.000    141.176
768.000    141.177
770.000    141.176
772.000    141.175
774.000    141.174
776.000    141.171
778.000    141.169
780.000    141.166
782.000    141.164
784.000    141.161
786.000    141.159
788.000    141.157
790.000    141.156
792.000    141.155
794.000    141.155
796.000    141.154
798.000    141.154
800.000    141.154
