0.000      176.214
1.000      176.214
2.000      176.214
3.000      176.214
4.000      176.214
5.000      176.214
6.000      176.214
7.000      176.214
8.000      176.214
9.000      176.214
10.000     176.214
11.000     176.214
12.000     176.214
13.000     176.214
14.000     176.214
15.000     176.214
16.000     176.214
17.000     176.214
18.000     176.214
19.000     176.214
20.000     176.214
21.000     176.214
22.000     176.214
23.000     176.214
24.000     176.214
25.000     176.214
26.000     176.214
27.000     176.214
28.000     176.214
29.000     176.214
30.000     176.214
31.000     176.214
32.000     176.214
33.000     176.214
34.000     176.214
35.000     176.214
36.000     176.214
37.000     176.214
38.000     176.214
39.000     176.214
40.000     176.214
41.000     176.215
42.000     176.215
43.000     176.214
44.000     176.214
45.000     176.215
46.000     176.215
47.000     176.215
48.000     176.215
49.000     176.215
50.000     176.215
51.000     176.215
52.000     176.216
53.000     176.216
54.000     176.216
55.000     176.216
56.000     176.217
57.000     176.217
58.000     176.217
59.000     176.217
60.000     176.218
61.000     176.218
62.000     176.219
63.000     176.219
64.000     176.22
65.000     176.221
66.000     176.221
67.000     176.222
68.000     176.224
69.000     176.225
70.000     176.226
71.000     176.228
72.000     176.229
73.000     176.231
74.000     176.233
75.000     176.236
76.000     176.238
77.000     176.241
78.000     176.244
79.000     176.247
80.000     176.25
81.000     176.253
82.000     176.256
83.000     176.258
84.000     176.261
85.000     176.263
86.000     176.265
87.000     176.266
88.000     176.267
89.000     176.266
90.000     176.266
91.000     176.264
92.000     176.261
93.000     176.258
94.000     176.253
95.000     176.249
96.000     176.243
97.000     176.237
98.000     176.23
99.000     176.223
100.000    176.216
101.000    176.209
102.000    176.201
103.000    176.193
104.000    176.186
105.000    176.178
106.000    176.17
107.000    176.162
108.000    176.153
109.000    176.145
110.000    176.137
111.000    176.129
112.000    176.12
113.000    176.112
114.000    176.104
115.000    176.096
116.000    176.088
117.000    176.08
118.000    176.073
119.000    176.065
120.000    176.057
121.000    176.05
122.000    176.042
123.000    176.035
124.000    176.029
125.000    176.021
126.000    176.014
127.000    176.008
128.000    176.001
129.000    175.994
130.000    175.987
131.000    175.98
132.000    175.973
133.000    175.966
134.000    175.959
135.000    175.951
136.000    175.943
137.000    175.934
138.000    175.926
139.000    175.917
140.000    175.908
141.000    175.899
142.000    175.89
143.000    175.881
144.000    175.872
145.000    175.863
146.000    175.854
147.000    175.845
148.000    175.836
149.000    175.826
150.000    175.817
151.000    175.808
152.000    175.799
153.000    175.791
154.000    175.782
155.000    175.773
156.000    175.764
157.000    175.755
158.000    175.745
159.000    175.737
160.000    175.727
161.000    175.719
162.000    175.709
163.000    175.7
164.000    175.691
165.000    175.681
166.000    175.672
167.000    175.663
168.000    175.653
169.000    175.643
170.000    175.633
171.000    175.622
172.000    175.612
173.000    175.601
174.000    175.59
175.000    175.579
176.000    175.567
177.000    175.556
178.000    175.544
179.000    175.532
180.000    175.521
181.000    175.509
182.000    175.498
183.000    175.487
184.000    175.476
185.000    175.466
186.000    175.455
187.000    175.446
188.000    175.437
189.000    175.428
190.000    175.418
191.000    175.41
192.000    175.402
193.000    175.394
194.000    175.386
195.000    175.378
196.000    175.37
197.000    175.361
198.000    175.352
199.000    175.342
200.000    175.331
201.000    175.319
202.000    175.306
203.000    175.291
204.000    175.274
205.000    175.255
206.000    175.234
207.000    175.209
208.000    175.182
209.000    175.15
210.000    175.115
211.000    175.076
212.000    175.031
213.000    174.981
214.000    174.926
215.000    174.864
216.000    174.795
217.000    174.719
218.000    174.635
219.000    174.542
220.000    174.44
221.000    174.329
222.000    174.207
223.000    174.075
224.000    173.932
225.000    173.778
226.000    173.611
227.000    173.433
228.000    173.241
229.000    173.037
230.000    172.819
231.000    172.588
232.000    172.343
233.000    172.084
234.000    171.811
235.000    171.524
236.000    171.222
237.000    170.907
238.000    170.578
239.000    170.236
240.000    169.881
241.000    169.512
242.000    169.132
243.000    168.74
244.000    168.338
245.000    167.925
246.000    167.502
247.000    167.07
248.000    166.63
249.000    166.182
250.000    165.728
251.000    165.267
252.000    164.8
253.000    164.329
254.000    163.853
255.000    163.373
256.000    162.89
257.000    162.404
258.000    161.917
259.000    161.428
260.000    160.938
261.000    160.449
262.000    159.959
263.000    159.471
264.000    158.984
265.000    158.498
266.000    158.016
267.000    157.536
268.000    157.06
269.000    156.586
270.000    156.117
271.000    155.652
272.000    155.191
273.000    154.735
274.000    154.284
275.000    153.837
276.000    153.395
277.000    152.958
278.000    152.526
279.000    152.1
280.000    151.679
281.000    151.263
282.000    150.852
283.000    150.447
284.000    150.046
285.000    149.651
286.000    149.262
287.000    148.879
288.000    148.501
289.000    148.13
290.000    147.764
291.000    147.405
292.000    147.051
293.000    146.704
294.000    146.363
295.000    146.028
296.000    145.698
297.000    145.374
298.000    145.056
299.000    144.743
300.000    144.436
301.000    144.133
302.000    143.836
303.000    143.544
304.000    143.257
305.000    142.974
306.000    142.696
307.000    142.424
308.000    142.155
309.000    141.891
310.000    141.631
311.000    141.376
312.000    141.124
313.000    140.877
314.000    140.633
315.000    140.393
316.000    140.158
317.000    139.925
318.000    139.697
319.000    139.472
320.000    139.252
321.000    139.035
322.000    138.821
323.000    138.612
324.000    138.406
325.000    138.204
326.000    138.006
327.000    137.81
328.000    137.619
329.000    137.432
330.000    137.248
331.000    137.067
332.000    136.891
333.000    136.718
334.000    136.548
335.000    136.382
336.000    136.22
337.000    136.062
338.000    135.907
339.000    135.755
340.000    135.606
341.000    135.462
342.000    135.32
343.000    135.181
344.000    135.046
345.000    134.914
346.000    134.785
347.000    134.658
348.000    134.535
349.000    134.414
350.000    134.295
351.000    134.179
352.000    134.065
353.000    133.954
354.000    133.844
355.000    133.737
356.000    133.631
357.000    133.528
358.000    133.426
359.000    133.326
360.000    133.229
361.000    133.133
362.000    133.038
363.000    132.946
364.000    132.855
365.000    132.766
366.000    132.679
367.000    132.594
368.000    132.51
369.000    132.427
370.000    132.348
371.000    132.268
372.000    132.191
373.000    132.115
374.000    132.04
375.000    131.967
376.000    131.895
377.000    131.824
378.000    131.756
379.000    131.688
380.000    131.621
381.000    131.556
382.000    131.492
383.000    131.429
384.000    131.368
385.000    131.307
386.000    131.248
387.000    131.19
388.000    131.133
389.000    131.077
390.000    131.023
391.000    130.969
392.000    130.916
393.000    130.865
394.000    130.815
395.000    130.765
396.000    130.716
397.000    130.669
398.000    130.622
399.000    130.576
400.000    130.531
401.000    130.487
402.000    130.444
403.000    130.402
404.000    130.36
405.000    130.32
406.000    130.279
407.000    130.24
408.000    130.202
409.000    130.164
410.000    130.127
411.000    130.091
412.000    130.056
413.000    130.021
414.000    129.986
415.000    129.954
416.000    129.92
417.000    129.888
418.000    129.857
419.000    129.826
420.000    129.796
421.000    129.766
422.000    129.737
423.000    129.709
424.000    129.681
425.000    129.654
426.000    129.627
427.000    129.6
428.000    129.575
429.000    129.55
430.000    129.525
431.000    129.501
432.000    129.477
433.000    129.454
434.000    129.431
435.000    129.409
436.000    129.387
437.000    129.365
438.000    129.345
439.000    129.324
440.000    129.304
441.000    129.284
442.000    129.265
443.000    129.246
444.000    129.227
445.000    129.209
446.000    129.191
447.000    129.174
448.000    129.157
449.000    129.14
450.000    129.124
451.000    129.108
452.000    129.092
453.000    129.077
454.000    129.061
455.000    129.047
456.000    129.033
457.000    129.019
458.000    129.005
459.000    128.991
460.000    128.978
461.000    128.966
462.000    128.953
463.000    128.941
464.000    128.929
465.000    128.917
466.000    128.905
467.000    128.894
468.000    128.883
469.000    128.873
470.000    128.863
471.000    128.852
472.000    128.842
473.000    128.832
474.000    128.823
475.000    128.814
476.000    128.804
477.000    128.796
478.000    128.787
479.000    128.779
480.000    128.77
481.000    128.763
482.000    128.756
483.000    128.748
484.000    128.741
485.000    128.735
486.000    128.727
487.000    128.721
488.000    128.715
489.000    128.709
490.000    128.703
491.000    128.697
492.000    128.692
493.000    128.687
494.000    128.682
495.000    128.677
496.000    128.673
497.000    128.668
498.000    128.664
499.000    128.66
500.000    128.656
501.000    128.653
502.000    128.65
503.000    128.646
504.000    128.644
505.000    128.641
506.000    128.639
507.000    128.636
508.000    128.635
509.000    128.633
510.000    128.632
511.000    128.631
512.000    128.63
513.000    128.629
514.000    128.629
515.000    128.629
516.000    128.629
517.000    128.629
518.000    128.63
519.000    128.631
520.000    128.633
521.000    128.635
522.000    128.636
523.000    128.639
524.000    128.642
525.000    128.644
526.000    128.648
527.000    128.651
528.000    128.656
529.000    128.66
530.000    128.664
531.000    128.67
532.000    128.675
533.000    128.682
534.000    128.688
535.000    128.695
536.000    128.702
537.000    128.71
538.000    128.719
539.000    128.728
540.000    128.737
541.000    128.747
542.000    128.758
543.000    128.77
544.000    128.781
545.000    128.794
546.000    128.807
547.000    128.821
548.000    128.836
549.000    128.851
550.000    128.867
551.000    128.884
552.000    128.902
553.000    128.921
554.000    128.94
555.000    128.961
556.000    128.982
557.000    129.005
558.000    129.029
559.000    129.053
560.000    129.08
561.000    129.106
562.000    129.135
563.000    129.165
564.000    129.195
565.000    129.228
566.000    129.262
567.000    129.297
568.000    129.334
569.000    129.373
570.000    129.413
571.000    129.455
572.000    129.499
573.000    129.546
574.000    129.594
575.000    129.644
576.000    129.696
577.000    129.751
578.000    129.808
579.000    129.867
580.000    129.929
581.000    129.994
582.000    130.062
583.000    130.133
584.000    130.206
585.000    130.284
586.000    130.364
587.000    130.448
588.000    130.535
589.000    130.626
590.000    130.722
591.000    130.821
592.000    130.925
593.000    131.034
594.000    131.147
595.000    131.266
596.000    131.388
597.000    131.518
598.000    131.652
599.000    131.793
600.000    131.94
601.000    132.093
602.000    132.253
603.000    132.421
604.000    132.596
605.000    132.779
606.000    132.969
607.000    133.17
608.000    133.378
609.000    133.596
610.000    133.824
611.000    134.062
612.000    134.312
613.000    134.572
614.000    134.845
615.000    135.13
616.000    135.427
617.000    135.738
618.000    136.063
619.000    136.402
620.000    136.756
621.000    137.126
622.000    137.511
623.000    137.913
624.000    138.331
625.000    138.766
626.000    139.219
627.000    139.688
628.000    140.175
629.000    140.679
630.000    141.2
631.000    141.739
632.000    142.294
