0.000      123.074
1.000      123.074
2.000      123.074
3.000      123.074
4.000      123.074
5.000      123.074
6.000      123.074
7.000      123.074
8.000      123.074
9.000      123.074
10.000     123.074
11.000     123.074
12.000     123.074
13.000     123.074
14.000     123.074
15.000     123.074
16.000     123.074
17.000     123.074
18.000     123.074
19.000     123.074
20.000     123.074
21.000     123.074
22.000     123.073
23.000     123.074
24.000     123.074
25.000     123.074
26.000     123.074
27.000     123.073
28.000     123.074
29.000     123.073
30.000     123.073
31.000     123.073
32.000     123.073
33.000     123.072
34.000     123.072
35.000     123.071
36.000     123.07
37.000     123.069
38.000     123.067
39.000     123.065
40.000     123.062
41.000     123.059
42.000     123.055
43.000     123.051
44.000     123.045
45.000     123.039
46.000     123.031
47.000     123.022
48.000     123.013
49.000     123.002
50.000     122.989
51.000     122.974
52.000     122.959
53.000     122.942
54.000     122.923
55.000     122.902
56.000     122.881
57.000     122.856
58.000     122.83
59.000     122.801
60.000     122.771
61.000     122.738
62.000     122.703
63.000     122.665
64.000     122.626
65.000     122.583
66.000     122.538
67.000     122.49
68.000     122.439
69.000     122.387
70.000     122.331
71.000     122.272
72.000     122.212
73.000     122.149
74.000     122.083
75.000     122.014
76.000     121.941
77.000     121.865
78.000     121.784
79.000     121.698
80.000     121.607
81.000     121.511
82.000     121.408
83.000     121.299
84.000     121.184
85.000     121.064
86.000     120.937
87.000     120.804
88.000     120.665
89.000     120.52
90.000     120.371
91.000     120.217
92.000     120.057
93.000     119.893
94.000     119.724
95.000     119.551
96.000     119.374
97.000     119.195
98.000     119.012
99.000     118.826
100.000    118.638
101.000    118.447
102.000    118.254
103.000    118.057
104.000    117.857
105.000    117.653
106.000    117.446
107.000    117.236
108.000    117.023
109.000    116.805
110.000    116.583
111.000    116.357
112.000    116.127
113.000    115.894
114.000    115.656
115.000    115.415
116.000    115.171
117.000    114.924
118.000    114.675
119.000    114.425
120.000    114.172
121.000    113.92
122.000    113.668
123.000    113.416
124.000    113.166
125.000    112.917
126.000    112.671
127.000    112.428
128.000    112.189
129.000    111.954
130.000    111.722
131.000    111.497
132.000    111.276
133.000    111.062
134.000    110.855
135.000    110.655
136.000    110.463
137.000    110.277
138.000    110.101
139.000    109.933
140.000    109.773
141.000    109.621
142.000    109.479
143.000    109.343
144.000    109.216
145.000    109.096
146.000    108.984
147.000    108.878
148.000    108.78
149.000    108.688
150.000    108.603
151.000    108.523
152.000    108.45
153.000    108.383
154.000    108.322
155.000    108.267
156.000    108.216
157.000    108.171
158.000    108.131
159.000    108.096
160.000    108.066
161.000    108.041
162.000    108.02
163.000    108.003
164.000    107.991
165.000    107.983
166.000    107.978
167.000    107.978
168.000    107.98
169.000    107.986
170.000    107.994
171.000    108.005
172.000    108.019
173.000    108.035
174.000    108.051
175.000    108.07
176.000    108.089
177.000    108.109
178.000    108.13
179.000    108.15
180.000    108.17
181.000    108.189
182.000    108.208
183.000    108.226
184.000    108.244
185.000    108.262
186.000    108.279
187.000    108.296
188.000    108.314
189.000    108.331
190.000    108.351
191.000    108.371
192.000    108.394
193.000    108.418
194.000    108.444
195.000    108.473
196.000    108.504
197.000    108.539
198.000    108.577
199.000    108.617
200.000    108.66
201.000    108.707
202.000    108.756
203.000    108.807
204.000    108.863
205.000    108.92
206.000    108.98
207.000    109.042
208.000    109.107
209.000    109.174
210.000    109.244
211.000    109.315
212.000    109.39
213.000    109.467
214.000    109.546
215.000    109.628
216.000    109.713
217.000    109.8
218.000    109.889
219.000    109.982
220.000    110.078
221.000    110.177
222.000    110.278
223.000    110.383
224.000    110.491
225.000    110.601
226.000    110.715
227.000    110.831
228.000    110.95
229.000    111.071
230.000    111.195
231.000    111.321
232.000    111.449
233.000    111.579
234.000    111.711
235.000    111.845
236.000    111.98
237.000    112.117
238.000    112.255
239.000    112.395
240.000    112.535
241.000    112.678
242.000    112.821
243.000    112.965
244.000    113.111
245.000    113.259
246.000    113.408
247.000    113.558
248.000    113.71
249.000    113.863
250.000    114.018
251.000    114.175
252.000    114.333
253.000    114.494
254.000    114.657
255.000    114.82
256.000    114.987
257.000    115.154
258.000    115.323
259.000    115.493
260.000    115.665
261.000    115.836
262.000    116.008
263.000    116.18
264.000    116.35
265.000    116.519
266.000    116.685
267.000    116.849
268.000    117.009
269.000    117.166
270.000    117.318
271.000    117.464
272.000    117.606
273.000    117.742
274.000    117.872
275.000    117.997
276.000    118.115
277.000    118.229
278.000    118.336
279.000    118.436
280.000    118.53
281.000    118.617
282.000    118.697
283.000    118.772
284.000    118.838
285.000    118.898
286.000    118.949
287.000    118.993
288.000    119.029
289.000    119.059
290.000    119.079
291.000    119.093
292.000    119.098
293.000    119.096
294.000    119.086
295.000    119.069
296.000    119.043
297.000    119.01
298.000    118.971
299.000    118.924
300.000    118.871
301.000    118.812
302.000    118.747
303.000    118.677
304.000    118.6
305.000    118.52
306.000    118.435
307.000    118.347
308.000    118.254
309.000    118.158
310.000    118.061
311.000    117.959
312.000    117.855
313.000    117.749
314.000    117.643
315.000    117.534
316.000    117.423
317.000    117.31
318.000    117.195
319.000    117.08
320.000    116.962
321.000    116.842
322.000    116.721
323.000    116.599
324.000    116.476
325.000    116.35
326.000    116.222
327.000    116.094
328.000    115.964
329.000    115.834
330.000    115.703
331.000    115.572
332.000    115.439
333.000    115.308
334.000    115.178
335.000    115.048
336.000    114.921
337.000    114.797
338.000    114.676
339.000    114.558
340.000    114.445
341.000    114.336
342.000    114.234
343.000    114.134
344.000    114.041
345.000    113.953
346.000    113.869
347.000    113.789
348.000    113.712
349.000    113.639
350.000    113.569
351.000    113.5
352.000    113.433
353.000    113.367
354.000    113.302
355.000    113.237
356.000    113.173
357.000    113.109
358.000    113.046
359.000    112.983
360.000    112.92
361.000    112.858
362.000    112.797
363.000    112.736
364.000    112.676
365.000    112.617
366.000    112.56
367.000    112.503
368.000    112.449
369.000    112.393
370.000    112.339
371.000    112.287
372.000    112.234
373.000    112.182
374.000    112.132
375.000    112.081
376.000    112.032
377.000    111.983
378.000    111.934
379.000    111.887
380.000    111.84
381.000    111.794
382.000    111.748
383.000    111.703
384.000    111.659
385.000    111.617
386.000    111.574
387.000    111.532
388.000    111.491
389.000    111.451
390.000    111.411
391.000    111.373
392.000    111.335
393.000    111.297
394.000    111.26
395.000    111.223
396.000    111.187
397.000    111.152
398.000    111.117
399.000    111.082
400.000    111.049
401.000    111.016
402.000    110.983
403.000    110.951
404.000    110.92
405.000    110.889
406.000    110.859
407.000    110.829
408.000    110.801
409.000    110.773
410.000    110.746
411.000    110.719
412.000    110.691
413.000    110.665
414.000    110.64
415.000    110.615
416.000    110.591
417.000    110.567
418.000    110.543
419.000    110.52
420.000    110.497
421.000    110.474
422.000    110.453
423.000    110.431
424.000    110.411
425.000    110.39
426.000    110.37
427.000    110.35
428.000    110.33
429.000    110.311
430.000    110.293
431.000    110.275
432.000    110.257
433.000    110.239
434.000    110.222
435.000    110.205
436.000    110.188
437.000    110.172
438.000    110.156
439.000    110.141
440.000    110.125
441.000    110.111
442.000    110.096
443.000    110.082
444.000    110.068
445.000    110.054
446.000    110.04
447.000    110.027
448.000    110.014
449.000    110.001
450.000    109.988
451.000    109.977
452.000    109.965
453.000    109.952
454.000    109.941
455.000    109.93
456.000    109.919
457.000    109.908
458.000    109.898
459.000    109.888
460.000    109.878
461.000    109.867
462.000    109.858
463.000    109.849
464.000    109.84
465.000    109.83
466.000    109.822
467.000    109.813
468.000    109.805
469.000    109.796
470.000    109.789
471.000    109.781
472.000    109.773
473.000    109.766
474.000    109.759
475.000    109.751
476.000    109.744
477.000    109.738
478.000    109.731
479.000    109.725
480.000    109.719
481.000    109.713
482.000    109.707
483.000    109.701
484.000    109.695
485.000    109.69
486.000    109.685
487.000    109.68
488.000    109.675
489.000    109.67
490.000    109.665
491.000    109.66
492.000    109.656
493.000    109.652
494.000    109.648
495.000    109.644
496.000    109.64
497.000    109.637
498.000    109.634
499.000    109.63
500.000    109.627
501.000    109.624
502.000    109.622
503.000    109.619
504.000    109.616
505.000    109.614
506.000    109.612
507.000    109.61
508.000    109.608
509.000    109.606
510.000    109.605
511.000    109.603
512.000    109.602
513.000    109.601
514.000    109.601
515.000    109.6
516.000    109.6
517.000    109.6
518.000    109.599
519.000    109.599
520.000    109.599
521.000    109.6
522.000    109.6
523.000    109.601
524.000    109.602
525.000    109.603
526.000    109.605
527.000    109.606
528.000    109.608
529.000    109.611
530.000    109.614
531.000    109.616
532.000    109.62
533.000    109.622
534.000    109.626
535.000    109.63
536.000    109.634
537.000    109.639
538.000    109.643
539.000    109.649
540.000    109.654
541.000    109.66
542.000    109.666
543.000    109.672
544.000    109.679
545.000    109.687
546.000    109.694
547.000    109.702
548.000    109.711
549.000    109.72
550.000    109.73
551.000    109.74
552.000    109.75
553.000    109.761
554.000    109.774
555.000    109.785
556.000    109.798
557.000    109.812
558.000    109.826
559.000    109.841
560.000    109.856
561.000    109.872
562.000    109.889
563.000    109.908
564.000    109.926
565.000    109.945
566.000    109.965
567.000    109.986
568.000    110.008
569.000    110.032
570.000    110.056
571.000    110.08
572.000    110.107
573.000    110.134
574.000    110.163
575.000    110.193
576.000    110.224
577.000    110.256
578.000    110.29
579.000    110.326
580.000    110.362
581.000    110.4
582.000    110.44
583.000    110.481
584.000    110.525
585.000    110.569
586.000    110.616
587.000    110.664
588.000    110.716
589.000    110.767
590.000    110.822
591.000    110.878
592.000    110.937
593.000    110.998
594.000    111.062
595.000    111.128
596.000    111.195
597.000    111.267
598.000    111.339
599.000    111.415
600.000    111.493
601.000    111.574
602.000    111.658
603.000    111.744
604.000    111.833
605.000    111.925
606.000    112.02
607.000    112.117
608.000    112.216
609.000    112.319
610.000    112.425
611.000    112.533
612.000    112.643
613.000    112.756
614.000    112.871
615.000    112.988
616.000    113.106
617.000    113.227
618.000    113.349
619.000    113.472
620.000    113.597
621.000    113.723
622.000    113.849
623.000    113.975
624.000    114.101
625.000    114.228
626.000    114.353
627.000    114.477
628.000    114.601
629.000    114.722
630.000    114.842
631.000    114.96
632.000    115.075
