0.000      135.176
1.000      135.176
2.000      135.176
3.000      135.176
4.000      135.176
5.000      135.176
6.000      135.176
7.000      135.176
8.000      135.176
9.000      135.176
10.000     135.176
11.000     135.176
12.000     135.176
13.000     135.176
14.000     135.176
15.000     135.176
16.000     135.176
17.000     135.176
18.000     135.176
19.000     135.176
20.000     135.176
21.000     135.176
22.000     135.176
23.000     135.176
24.000     135.176
25.000     135.176
26.000     135.176
27.000     135.176
28.000     135.176
29.000     135.176
30.000     135.176
31.000     135.176
32.000     135.176
33.000     135.176
34.000     135.176
35.000     135.176
36.000     135.176
37.000     135.176
38.000     135.176
39.000     135.176
40.000     135.176
41.000     135.176
42.000     135.176
43.000     135.176
44.000     135.176
45.000     135.176
46.000     135.177
47.000     135.177
48.000     135.177
49.000     135.177
50.000     135.177
51.000     135.177
52.000     135.177
53.000     135.177
54.000     135.177
55.000     135.177
56.000     135.177
57.000     135.177
58.000     135.177
59.000     135.177
60.000     135.177
61.000     135.177
62.000     135.177
63.000     135.177
64.000     135.177
65.000     135.176
66.000     135.177
67.000     135.176
68.000     135.176
69.000     135.175
70.000     135.174
71.000     135.171
72.000     135.167
73.000     135.16
74.000     135.149
75.000     135.135
76.000     135.114
77.000     135.088
78.000     135.053
79.000     135.01
80.000     134.957
81.000     134.893
82.000     134.818
83.000     134.731
84.000     134.632
85.000     134.519
86.000     134.394
87.000     134.257
88.000     134.107
89.000     133.945
90.000     133.773
91.000     133.591
92.000     133.401
93.000     133.202
94.000     132.997
95.000     132.784
96.000     132.568
97.000     132.348
98.000     132.124
99.000     131.897
100.000    131.667
101.000    131.436
102.000    131.202
103.000    130.968
104.000    130.732
105.000    130.495
106.000    130.256
107.000    130.017
108.000    129.777
109.000    129.535
110.000    129.294
111.000    129.051
112.000    128.808
113.000    128.565
114.000    128.321
115.000    128.078
116.000    127.836
117.000    127.594
118.000    127.352
119.000    127.112
120.000    126.873
121.000    126.636
122.000    126.4
123.000    126.166
124.000    125.933
125.000    125.702
126.000    125.472
127.000    125.242
128.000    125.014
129.000    124.788
130.000    124.563
131.000    124.34
132.000    124.116
133.000    123.895
134.000    123.673
135.000    123.453
136.000    123.232
137.000    123.013
138.000    122.793
139.000    122.575
140.000    122.356
141.000    122.138
142.000    121.919
143.000    121.702
144.000    121.485
145.000    121.27
146.000    121.056
147.000    120.844
148.000    120.634
149.000    120.427
150.000    120.222
151.000    120.02
152.000    119.822
153.000    119.628
154.000    119.436
155.000    119.249
156.000    119.065
157.000    118.885
158.000    118.71
159.000    118.537
160.000    118.368
161.000    118.204
162.000    118.044
163.000    117.887
164.000    117.734
165.000    117.586
166.000    117.442
167.000    117.302
168.000    117.168
169.000    117.038
170.000    116.913
171.000    116.794
172.000    116.68
173.000    116.571
174.000    116.467
175.000    116.368
176.000    116.274
177.000    116.185
178.000    116.1
179.000    116.02
180.000    115.944
181.000    115.873
182.000    115.806
183.000    115.744
184.000    115.685
185.000    115.631
186.000    115.58
187.000    115.533
188.000    115.489
189.000    115.45
190.000    115.413
191.000    115.38
192.000    115.351
193.000    115.325
194.000    115.302
195.000    115.283
196.000    115.267
197.000    115.254
198.000    115.245
199.000    115.239
200.000    115.237
201.000    115.239
202.000    115.243
203.000    115.252
204.000    115.264
205.000    115.279
206.000    115.297
207.000    115.319
208.000    115.345
209.000    115.374
210.000    115.406
211.000    115.442
212.000    115.481
213.000    115.524
214.000    115.571
215.000    115.621
216.000    115.675
217.000    115.733
218.000    115.795
219.000    115.861
220.000    115.932
221.000    116.006
222.000    116.085
223.000    116.169
224.000    116.257
225.000    116.35
226.000    116.448
227.000    116.551
228.000    116.659
229.000    116.772
230.000    116.891
231.000    117.015
232.000    117.145
233.000    117.281
234.000    117.423
235.000    117.57
236.000    117.725
237.000    117.886
238.000    118.053
239.000    118.227
240.000    118.408
241.000    118.596
242.000    118.791
243.000    118.994
244.000    119.203
245.000    119.418
246.000    119.642
247.000    119.872
248.000    120.109
249.000    120.352
250.000    120.602
251.000    120.857
252.000    121.118
253.000    121.383
254.000    121.653
255.000    121.926
256.000    122.202
257.000    122.479
258.000    122.757
259.000    123.034
260.000    123.311
261.000    123.584
262.000    123.854
263.000    124.119
264.000    124.377
265.000    124.629
266.000    124.873
267.000    125.108
268.000    125.334
269.000    125.552
270.000    125.761
271.000    125.961
272.000    126.153
273.000    126.338
274.000    126.517
275.000    126.689
276.000    126.856
277.000    127.019
278.000    127.177
279.000    127.331
280.000    127.483
281.000    127.631
282.000    127.778
283.000    127.921
284.000    128.062
285.000    128.201
286.000    128.337
287.000    128.47
288.000    128.601
289.000    128.728
290.000    128.853
291.000    128.975
292.000    129.094
293.000    129.211
294.000    129.324
295.000    129.436
296.000    129.545
297.000    129.653
298.000    129.758
299.000    129.862
300.000    129.963
301.000    130.063
302.000    130.16
303.000    130.256
304.000    130.349
305.000    130.44
306.000    130.528
307.000    130.615
308.000    130.698
309.000    130.779
310.000    130.858
311.000    130.933
312.000    131.006
313.000    131.077
314.000    131.144
315.000    131.208
316.000    131.269
317.000    131.326
318.000    131.38
319.000    131.43
320.000    131.477
321.000    131.52
322.000    131.559
323.000    131.594
324.000    131.625
325.000    131.652
326.000    131.676
327.000    131.695
328.000    131.71
329.000    131.721
330.000    131.729
331.000    131.733
332.000    131.732
333.000    131.73
334.000    131.723
335.000    131.713
336.000    131.7
337.000    131.683
338.000    131.665
339.000    131.643
340.000    131.619
341.000    131.593
342.000    131.564
343.000    131.533
344.000    131.5
345.000    131.466
346.000    131.43
347.000    131.392
348.000    131.353
349.000    131.312
350.000    131.271
351.000    131.229
352.000    131.187
353.000    131.144
354.000    131.101
355.000    131.058
356.000    131.015
357.000    130.973
358.000    130.932
359.000    130.891
360.000    130.852
361.000    130.813
362.000    130.775
363.000    130.739
364.000    130.703
365.000    130.668
366.000    130.634
367.000    130.601
368.000    130.568
369.000    130.537
370.000    130.506
371.000    130.476
372.000    130.446
373.000    130.417
374.000    130.388
375.000    130.36
376.000    130.333
377.000    130.307
378.000    130.28
379.000    130.254
380.000    130.23
381.000    130.205
382.000    130.182
383.000    130.158
384.000    130.136
385.000    130.113
386.000    130.091
387.000    130.07
388.000    130.049
389.000    130.03
390.000    130.009
391.000    129.99
392.000    129.971
393.000    129.952
394.000    129.935
395.000    129.916
396.000    129.899
397.000    129.882
398.000    129.865
399.000    129.849
400.000    129.833
401.000    129.817
402.000    129.801
403.000    129.786
404.000    129.772
405.000    129.757
406.000    129.742
407.000    129.728
408.000    129.714
409.000    129.701
410.000    129.687
411.000    129.673
412.000    129.662
413.000    129.648
414.000    129.636
415.000    129.624
416.000    129.612
417.000    129.6
418.000    129.589
419.000    129.578
420.000    129.567
421.000    129.556
422.000    129.545
423.000    129.535
424.000    129.525
425.000    129.515
426.000    129.506
427.000    129.496
428.000    129.487
429.000    129.478
430.000    129.47
431.000    129.46
432.000    129.452
433.000    129.444
434.000    129.436
435.000    129.428
436.000    129.42
437.000    129.412
438.000    129.405
439.000    129.397
440.000    129.39
441.000    129.383
442.000    129.376
443.000    129.37
444.000    129.362
445.000    129.356
446.000    129.35
447.000    129.343
448.000    129.337
449.000    129.331
450.000    129.325
451.000    129.319
452.000    129.313
453.000    129.308
454.000    129.302
455.000    129.297
456.000    129.291
457.000    129.286
458.000    129.281
459.000    129.276
460.000    129.271
461.000    129.266
462.000    129.262
463.000    129.257
464.000    129.252
465.000    129.248
466.000    129.244
467.000    129.24
468.000    129.235
469.000    129.232
470.000    129.227
471.000    129.224
472.000    129.22
473.000    129.216
474.000    129.213
475.000    129.208
476.000    129.204
477.000    129.202
478.000    129.199
479.000    129.195
480.000    129.192
481.000    129.188
482.000    129.185
483.000    129.182
484.000    129.179
485.000    129.176
486.000    129.174
487.000    129.171
488.000    129.168
489.000    129.166
490.000    129.163
491.000    129.161
492.000    129.158
493.000    129.155
494.000    129.153
495.000    129.151
496.000    129.148
497.000    129.146
498.000    129.144
499.000    129.142
500.000    129.14
501.000    129.138
502.000    129.136
503.000    129.134
504.000    129.132
505.000    129.13
506.000    129.129
507.000    129.127
508.000    129.126
509.000    129.124
510.000    129.122
511.000    129.121
512.000    129.119
513.000    129.117
514.000    129.116
515.000    129.115
516.000    129.114
517.000    129.113
518.000    129.111
519.000    129.11
520.000    129.109
521.000    129.108
522.000    129.107
523.000    129.106
524.000    129.105
525.000    129.104
526.000    129.103
527.000    129.103
528.000    129.102
529.000    129.101
530.000    129.101
531.000    129.1
532.000    129.1
533.000    129.099
534.000    129.099
535.000    129.098
536.000    129.098
537.000    129.098
538.000    129.098
539.000    129.098
540.000    129.098
541.000    129.098
542.000    129.098
543.000    129.098
544.000    129.098
545.000    129.098
546.000    129.098
547.000    129.098
548.000    129.099
549.000    129.1
550.000    129.1
551.000    129.101
552.000    129.102
553.000    129.102
554.000    129.103
555.000    129.104
556.000    129.105
557.000    129.106
558.000    129.107
559.000    129.108
560.000    129.11
561.000    129.112
562.000    129.114
563.000    129.115
564.000    129.117
565.000    129.119
566.000    129.121
567.000    129.124
568.000    129.126
569.000    129.128
570.000    129.131
571.000    129.134
572.000    129.137
573.000    129.14
574.000    129.143
575.000    129.147
576.000    129.15
577.000    129.154
578.000    129.158
579.000    129.162
580.000    129.167
581.000    129.171
582.000    129.177
583.000    129.181
584.000    129.187
585.000    129.192
586.000    129.198
587.000    129.205
588.000    129.211
589.000    129.218
590.000    129.224
591.000    129.232
592.000    129.24
593.000    129.247
594.000    129.256
595.000    129.265
596.000    129.274
597.000    129.284
598.000    129.294
599.000    129.304
