0.000      141.162
1.000      141.161
2.000      141.161
3.000      141.162
4.000      141.162
5.000      141.162
6.000      141.162
7.000      141.162
8.000      141.161
9.000      141.161
10.000     141.162
11.000     141.162
12.000     141.162
13.000     141.162
14.000     141.162
15.000     141.162
16.000     141.162
17.000     141.162
18.000     141.161
19.000     141.161
20.000     141.161
21.000     141.161
22.000     141.161
23.000     141.162
24.000     141.162
25.000     141.162
26.000     141.162
27.000     141.162
28.000     141.162
29.000     141.162
30.000     141.162
31.000     141.162
32.000     141.161
33.000     141.162
34.000     141.162
35.000     141.162
36.000     141.162
37.000     141.162
38.000     141.162
39.000     141.162
40.000     141.161
41.000     141.162
42.000     141.162
43.000     141.162
44.000     141.161
45.000     141.161
46.000     141.161
47.000     141.161
48.000     141.161
49.000     141.161
50.000     141.161
51.000     141.161
52.000     141.161
53.000     141.161
54.000     141.161
55.000     141.16
56.000     141.16
57.000     141.16
58.000     141.159
59.000     141.158
60.000     141.157
61.000     141.157
62.000     141.156
63.000     141.155
64.000     141.155
65.000     141.155
66.000     141.155
67.000     141.155
68.000     141.155
69.000     141.157
70.000     141.158
71.000     141.16
72.000     141.162
73.000     141.166
74.000     141.169
75.000     141.173
76.000     141.178
77.000     141.182
78.000     141.189
79.000     141.195
80.000     141.202
81.000     141.209
82.000     141.217
83.000     141.226
84.000     141.235
85.000     141.244
86.000     141.254
87.000     141.263
88.000     141.274
89.000     141.284
90.000     141.293
91.000     141.303
92.000     141.314
93.000     141.324
94.000     141.334
95.000     141.344
96.000     141.353
97.000     141.363
98.000     141.373
99.000     141.382
100.000    141.391
101.000    141.399
102.000    141.407
103.000    141.415
104.000    141.422
105.000    141.429
106.000    141.435
107.000    141.44
108.000    141.445
109.000    141.45
110.000    141.452
111.000    141.456
112.000    141.459
113.000    141.46
114.000    141.462
115.000    141.462
116.000    141.463
117.000    141.463
118.000    141.462
119.000    141.461
120.000    141.46
121.000    141.458
122.000    141.456
123.000    141.452
124.000    141.448
125.000    141.443
126.000    141.438
127.000    141.432
128.000    141.425
129.000    141.416
130.000    141.407
131.000    141.398
132.000    141.386
133.000    141.374
134.000    141.36
135.000    141.347
136.000    141.331
137.000    141.315
138.000    141.298
139.000    141.28
140.000    141.262
141.000    141.242
142.000    141.222
143.000    141.201
144.000    141.181
145.000    141.159
146.000    141.137
147.000    141.115
148.000    141.092
149.000    141.069
150.000    141.048
151.000    141.024
152.000    141.001
153.000    140.977
154.000    140.953
155.000    140.928
156.000    140.903
157.000    140.877
158.000    140.851
159.000    140.824
160.000    140.795
161.000    140.766
162.000    140.736
163.000    140.705
164.000    140.673
165.000    140.641
166.000    140.607
167.000    140.573
168.000    140.539
169.000    140.504
170.000    140.469
171.000    140.435
172.000    140.401
173.000    140.367
174.000    140.335
175.000    140.304
176.000    140.275
177.000    140.247
178.000    140.221
179.000    140.197
180.000    140.176
181.000    140.157
182.000    140.14
183.000    140.125
184.000    140.111
185.000    140.098
186.000    140.086
187.000    140.074
188.000    140.061
189.000    140.047
190.000    140.031
191.000    140.012
192.000    139.99
193.000    139.963
194.000    139.931
195.000    139.893
196.000    139.848
197.000    139.795
198.000    139.736
199.000    139.668
200.000    139.591
201.000    139.504
202.000    139.408
203.000    139.301
204.000    139.183
205.000    139.055
206.000    138.915
207.000    138.764
208.000    138.6
209.000    138.425
210.000    138.238
211.000    138.037
212.000    137.824
213.000    137.598
214.000    137.36
215.000    137.11
216.000    136.847
217.000    136.573
218.000    136.289
219.000    135.994
220.000    135.69
221.000    135.379
222.000    135.059
223.000    134.732
224.000    134.4
225.000    134.064
226.000    133.723
227.000    133.378
228.000    133.032
229.000    132.684
230.000    132.334
231.000    131.984
232.000    131.633
233.000    131.284
234.000    130.934
235.000    130.587
236.000    130.24
237.000    129.896
238.000    129.554
239.000    129.214
240.000    128.877
241.000    128.542
242.000    128.21
243.000    127.882
244.000    127.555
245.000    127.232
246.000    126.911
247.000    126.592
248.000    126.277
249.000    125.964
250.000    125.654
251.000    125.345
252.000    125.04
253.000    124.736
254.000    124.435
255.000    124.136
256.000    123.839
257.000    123.544
258.000    123.252
259.000    122.962
260.000    122.674
261.000    122.389
262.000    122.106
263.000    121.825
264.000    121.548
265.000    121.273
266.000    121.002
267.000    120.734
268.000    120.47
269.000    120.21
270.000    119.952
271.000    119.7
272.000    119.452
273.000    119.209
274.000    118.97
275.000    118.737
276.000    118.508
277.000    118.285
278.000    118.067
279.000    117.855
280.000    117.648
281.000    117.446
282.000    117.25
283.000    117.059
284.000    116.874
285.000    116.693
286.000    116.518
287.000    116.348
288.000    116.183
289.000    116.022
290.000    115.866
291.000    115.714
292.000    115.566
293.000    115.422
294.000    115.283
295.000    115.146
296.000    115.013
297.000    114.884
298.000    114.758
299.000    114.635
300.000    114.514
301.000    114.397
302.000    114.282
303.000    114.17
304.000    114.061
305.000    113.953
306.000    113.849
307.000    113.747
308.000    113.648
309.000    113.55
310.000    113.457
311.000    113.364
312.000    113.276
313.000    113.189
314.000    113.105
315.000    113.024
316.000    112.945
317.000    112.869
318.000    112.795
319.000    112.725
320.000    112.657
321.000    112.592
322.000    112.53
323.000    112.471
324.000    112.414
325.000    112.36
326.000    112.309
327.000    112.26
328.000    112.214
329.000    112.17
330.000    112.129
331.000    112.089
332.000    112.051
333.000    112.016
334.000    111.981
335.000    111.947
336.000    111.914
337.000    111.88
338.000    111.847
339.000    111.813
340.000    111.778
341.000    111.743
342.000    111.706
343.000    111.67
344.000    111.63
345.000    111.592
346.000    111.551
347.000    111.511
348.000    111.47
349.000    111.428
350.000    111.387
351.000    111.346
352.000    111.305
353.000    111.264
354.000    111.225
355.000    111.187
356.000    111.149
357.000    111.112
358.000    111.076
359.000    111.041
360.000    111.006
361.000    110.972
362.000    110.938
363.000    110.905
364.000    110.873
365.000    110.841
366.000    110.809
367.000    110.777
368.000    110.746
369.000    110.715
370.000    110.685
371.000    110.654
372.000    110.626
373.000    110.597
374.000    110.567
375.000    110.54
376.000    110.512
377.000    110.485
378.000    110.459
379.000    110.433
380.000    110.407
381.000    110.382
382.000    110.358
383.000    110.333
384.000    110.309
385.000    110.286
386.000    110.263
387.000    110.24
388.000    110.217
389.000    110.195
390.000    110.173
391.000    110.151
392.000    110.13
393.000    110.109
394.000    110.088
395.000    110.068
396.000    110.048
397.000    110.029
398.000    110.01
399.000    109.991
400.000    109.973
401.000    109.955
402.000    109.937
403.000    109.92
404.000    109.903
405.000    109.886
406.000    109.87
407.000    109.853
408.000    109.838
409.000    109.823
410.000    109.807
411.000    109.793
412.000    109.777
413.000    109.764
414.000    109.749
415.000    109.735
416.000    109.721
417.000    109.708
418.000    109.695
419.000    109.682
420.000    109.67
421.000    109.658
422.000    109.645
423.000    109.633
424.000    109.621
425.000    109.61
426.000    109.599
427.000    109.587
428.000    109.577
429.000    109.567
430.000    109.556
431.000    109.546
432.000    109.536
433.000    109.526
434.000    109.517
435.000    109.508
436.000    109.499
437.000    109.49
438.000    109.482
439.000    109.473
440.000    109.464
441.000    109.456
442.000    109.449
443.000    109.441
444.000    109.433
445.000    109.425
446.000    109.418
447.000    109.411
448.000    109.404
449.000    109.397
450.000    109.391
451.000    109.384
452.000    109.378
453.000    109.372
454.000    109.366
455.000    109.36
456.000    109.354
457.000    109.349
458.000    109.344
459.000    109.338
460.000    109.333
461.000    109.329
462.000    109.324
463.000    109.319
464.000    109.315
465.000    109.31
466.000    109.306
467.000    109.302
468.000    109.298
469.000    109.295
470.000    109.292
471.000    109.288
472.000    109.285
473.000    109.282
474.000    109.279
475.000    109.276
476.000    109.273
477.000    109.271
478.000    109.268
479.000    109.267
480.000    109.265
481.000    109.263
482.000    109.261
483.000    109.26
484.000    109.258
485.000    109.257
486.000    109.256
487.000    109.256
488.000    109.255
489.000    109.254
490.000    109.254
491.000    109.254
492.000    109.254
493.000    109.254
494.000    109.255
495.000    109.256
496.000    109.257
497.000    109.258
498.000    109.259
499.000    109.261
500.000    109.262
501.000    109.265
502.000    109.267
503.000    109.27
504.000    109.272
505.000    109.275
506.000    109.278
507.000    109.282
508.000    109.286
509.000    109.291
510.000    109.295
511.000    109.3
512.000    109.305
513.000    109.311
514.000    109.317
515.000    109.324
516.000    109.33
517.000    109.338
518.000    109.345
519.000    109.353
520.000    109.362
521.000    109.371
522.000    109.38
523.000    109.39
524.000    109.4
525.000    109.411
526.000    109.423
527.000    109.434
528.000    109.447
529.000    109.46
530.000    109.474
531.000    109.489
532.000    109.503
533.000    109.519
534.000    109.536
535.000    109.554
536.000    109.571
537.000    109.591
538.000    109.611
539.000    109.632
540.000    109.654
541.000    109.676
542.000    109.7
543.000    109.725
544.000    109.751
545.000    109.778
546.000    109.807
547.000    109.836
548.000    109.867
549.000    109.899
550.000    109.933
551.000    109.968
552.000    110.005
553.000    110.043
554.000    110.083
555.000    110.124
556.000    110.167
557.000    110.212
558.000    110.26
559.000    110.309
560.000    110.36
561.000    110.414
562.000    110.469
563.000    110.528
564.000    110.588
565.000    110.651
566.000    110.717
567.000    110.785
568.000    110.857
569.000    110.932
570.000    111.009
571.000    111.09
572.000    111.175
573.000    111.263
574.000    111.354
575.000    111.45
576.000    111.549
577.000    111.653
578.000    111.761
579.000    111.874
580.000    111.992
581.000    112.114
582.000    112.242
583.000    112.374
584.000    112.514
585.000    112.657
586.000    112.808
587.000    112.965
588.000    113.128
589.000    113.3
590.000    113.476
591.000    113.662
592.000    113.854
593.000    114.056
594.000    114.265
595.000    114.483
596.000    114.71
597.000    114.946
598.000    115.192
599.000    115.448
